(* /home/sara/Dropbox/Reaching Study/Gilwoo_Automated_v2/csv_only_manual_inspection/2016_12_14_study_4_Part10_1/2016_12_14_study_4_Part10_1_48616_48824_clean_phase2.csv*)
inPtsRPi2 = {
{0.4050000,0.8303000,0.1376000},
{0.3944000,0.8329000,0.1404000},
{0.3838000,0.8354000,0.1433000},
{0.3732000,0.8378000,0.1459000},
{0.3627000,0.8402000,0.1485000},
{0.3521000,0.8424000,0.1506000},
{0.3416000,0.8445000,0.1525000},
{0.3313000,0.8466000,0.1541000},
{0.3211000,0.8487000,0.1555000},
{0.3111000,0.8506000,0.1568000},
{0.3013000,0.8523000,0.1582000},
{0.2917000,0.8540000,0.1597000},
{0.2824000,0.8555000,0.1610000},
{0.2733000,0.8569000,0.1623000},
{0.2645000,0.8582000,0.1633000},
{0.2560000,0.8594000,0.1640000},
{0.2478000,0.8604000,0.1646000},
{0.2398000,0.8613000,0.1650000},
{0.2321000,0.8622000,0.1655000},
{0.2246000,0.8630000,0.1659000},
{0.2175000,0.8636000,0.1663000},
{0.2106000,0.8641000,0.1666000},
{0.2043000,0.8649000,0.1667000},
{0.1984000,0.8655000,0.1667000},
{0.1925000,0.8660000,0.1667000},
{0.1870000,0.8664000,0.1666000},
{0.1816000,0.8666000,0.1665000},
{0.1763000,0.8668000,0.1662000},
{0.1713000,0.8669000,0.1661000},
{0.1664000,0.8670000,0.1658000},
{0.1618000,0.8668000,0.1655000},
{0.1574000,0.8667000,0.1651000}
};
inPtsRTh2 = {
{0.4056000,0.7859000,0.1667000},
{0.3946000,0.7884000,0.1693000},
{0.3836000,0.7906000,0.1717000},
{0.3727000,0.7927000,0.1739000},
{0.3618000,0.7948000,0.1760000},
{0.3509000,0.7968000,0.1779000},
{0.3400000,0.7990000,0.1798000},
{0.3291000,0.8012000,0.1814000},
{0.3183000,0.8033000,0.1829000},
{0.3078000,0.8051000,0.1841000},
{0.2975000,0.8067000,0.1851000},
{0.2875000,0.8079000,0.1860000},
{0.2781000,0.8092000,0.1866000},
{0.2689000,0.8102000,0.1870000},
{0.2599000,0.8112000,0.1874000},
{0.2511000,0.8121000,0.1877000},
{0.2426000,0.8130000,0.1879000},
{0.2343000,0.8138000,0.1880000},
{0.2262000,0.8144000,0.1879000},
{0.2185000,0.8149000,0.1877000},
{0.2111000,0.8154000,0.1874000},
{0.2042000,0.8159000,0.1872000},
{0.1975000,0.8164000,0.1869000},
{0.1912000,0.8169000,0.1868000},
{0.1851000,0.8174000,0.1865000},
{0.1793000,0.8177000,0.1863000},
{0.1737000,0.8179000,0.1859000},
{0.1682000,0.8180000,0.1854000},
{0.1630000,0.8180000,0.1848000},
{0.1581000,0.8179000,0.1843000},
{0.1533000,0.8178000,0.1838000},
{0.1488000,0.8176000,0.1832000}
};
inPtsRW2 = {
{0.4531000,0.8361000,0.1606000},
{0.4426000,0.8381000,0.1633000},
{0.4321000,0.8399000,0.1659000},
{0.4216000,0.8415000,0.1684000},
{0.4111000,0.8432000,0.1708000},
{0.4005000,0.8448000,0.1730000},
{0.3900000,0.8465000,0.1750000},
{0.3796000,0.8481000,0.1767000},
{0.3694000,0.8496000,0.1784000},
{0.3593000,0.8509000,0.1800000},
{0.3493000,0.8520000,0.1816000},
{0.3397000,0.8529000,0.1831000},
{0.3302000,0.8538000,0.1844000},
{0.3211000,0.8545000,0.1857000},
{0.3122000,0.8552000,0.1868000},
{0.3035000,0.8559000,0.1877000},
{0.2952000,0.8565000,0.1886000},
{0.2871000,0.8570000,0.1894000},
{0.2792000,0.8574000,0.1902000},
{0.2717000,0.8577000,0.1909000},
{0.2644000,0.8579000,0.1916000},
{0.2575000,0.8582000,0.1921000},
{0.2510000,0.8584000,0.1925000},
{0.2448000,0.8586000,0.1927000},
{0.2389000,0.8588000,0.1928000},
{0.2332000,0.8588000,0.1929000},
{0.2276000,0.8587000,0.1931000},
{0.2223000,0.8586000,0.1932000},
{0.2173000,0.8586000,0.1932000},
{0.2124000,0.8584000,0.1932000},
{0.2078000,0.8583000,0.1931000},
{0.2034000,0.8580000,0.1930000}
};
inPtsRLA2 = {
{0.5503000,0.8788000,0.1593000},
{0.5403000,0.8799000,0.1618000},
{0.5301000,0.8808000,0.1643000},
{0.5200000,0.8816000,0.1669000},
{0.5098000,0.8824000,0.1696000},
{0.4998000,0.8830000,0.1724000},
{0.4897000,0.8835000,0.1751000},
{0.4798000,0.8840000,0.1778000},
{0.4699000,0.8844000,0.1805000},
{0.4602000,0.8847000,0.1830000},
{0.4506000,0.8850000,0.1854000},
{0.4412000,0.8852000,0.1877000},
{0.4320000,0.8853000,0.1899000},
{0.4231000,0.8852000,0.1921000},
{0.4144000,0.8852000,0.1944000},
{0.4060000,0.8850000,0.1966000},
{0.3979000,0.8847000,0.1988000},
{0.3899000,0.8844000,0.2009000},
{0.3823000,0.8841000,0.2029000},
{0.3749000,0.8837000,0.2047000},
{0.3679000,0.8834000,0.2064000},
{0.3612000,0.8829000,0.2078000},
{0.3548000,0.8823000,0.2092000},
{0.3487000,0.8817000,0.2103000},
{0.3428000,0.8811000,0.2114000},
{0.3373000,0.8806000,0.2124000},
{0.3320000,0.8800000,0.2132000},
{0.3268000,0.8794000,0.2140000},
{0.3218000,0.8787000,0.2148000},
{0.3170000,0.8779000,0.2154000},
{0.3124000,0.8772000,0.2159000},
{0.3080000,0.8765000,0.2164000}
};
inPtsREl2 = {
{0.6638000,0.9188000,0.1540000},
{0.6539000,0.9190000,0.1556000},
{0.6439000,0.9192000,0.1575000},
{0.6337000,0.9194000,0.1595000},
{0.6235000,0.9195000,0.1617000},
{0.6134000,0.9195000,0.1641000},
{0.6034000,0.9194000,0.1666000},
{0.5935000,0.9193000,0.1694000},
{0.5838000,0.9191000,0.1722000},
{0.5741000,0.9189000,0.1751000},
{0.5648000,0.9186000,0.1778000},
{0.5551000,0.9179000,0.1807000},
{0.5460000,0.9173000,0.1833000},
{0.5371000,0.9166000,0.1861000},
{0.5284000,0.9158000,0.1889000},
{0.5200000,0.9151000,0.1917000},
{0.5118000,0.9144000,0.1946000},
{0.5040000,0.9138000,0.1974000},
{0.4963000,0.9131000,0.2001000},
{0.4888000,0.9124000,0.2027000},
{0.4817000,0.9115000,0.2050000},
{0.4748000,0.9105000,0.2071000},
{0.4683000,0.9094000,0.2090000},
{0.4621000,0.9083000,0.2107000},
{0.4564000,0.9072000,0.2124000},
{0.4508000,0.9061000,0.2139000},
{0.4455000,0.9051000,0.2153000},
{0.4403000,0.9041000,0.2165000},
{0.4352000,0.9031000,0.2177000},
{0.4303000,0.9022000,0.2187000},
{0.4255000,0.9013000,0.2195000},
{0.4209000,0.9005000,0.2203000}
};
inPtsRUA2 = {
{0.7023000,0.9165000,0.3024000},
{0.6963000,0.9164000,0.3027000},
{0.6899000,0.9162000,0.3032000},
{0.6834000,0.9162000,0.3038000},
{0.6767000,0.9161000,0.3045000},
{0.6699000,0.9160000,0.3053000},
{0.6631000,0.9158000,0.3063000},
{0.6561000,0.9155000,0.3073000},
{0.6490000,0.9151000,0.3084000},
{0.6418000,0.9145000,0.3095000},
{0.6345000,0.9138000,0.3106000},
{0.6273000,0.9129000,0.3116000},
{0.6202000,0.9120000,0.3128000},
{0.6132000,0.9110000,0.3139000},
{0.6063000,0.9099000,0.3150000},
{0.5996000,0.9087000,0.3161000},
{0.5930000,0.9075000,0.3172000},
{0.5866000,0.9063000,0.3181000},
{0.5803000,0.9052000,0.3192000},
{0.5741000,0.9040000,0.3200000},
{0.5682000,0.9029000,0.3209000},
{0.5624000,0.9016000,0.3216000},
{0.5569000,0.9004000,0.3223000},
{0.5515000,0.8991000,0.3229000},
{0.5464000,0.8978000,0.3235000},
{0.5413000,0.8965000,0.3241000},
{0.5365000,0.8953000,0.3246000},
{0.5316000,0.8941000,0.3251000},
{0.5270000,0.8929000,0.3255000},
{0.5225000,0.8918000,0.3259000},
{0.5181000,0.8907000,0.3262000},
{0.5140000,0.8896000,0.3265000}
};
inPtsRSh2 = {
{0.7006000,0.8585000,0.4633000},
{0.6979000,0.8581000,0.4633000},
{0.6951000,0.8575000,0.4633000},
{0.6922000,0.8570000,0.4633000},
{0.6891000,0.8564000,0.4632000},
{0.6859000,0.8556000,0.4632000},
{0.6827000,0.8548000,0.4631000},
{0.6794000,0.8539000,0.4631000},
{0.6758000,0.8529000,0.4630000},
{0.6722000,0.8518000,0.4627000},
{0.6685000,0.8507000,0.4624000},
{0.6647000,0.8496000,0.4621000},
{0.6610000,0.8485000,0.4618000},
{0.6570000,0.8473000,0.4614000},
{0.6531000,0.8461000,0.4611000},
{0.6491000,0.8449000,0.4607000},
{0.6452000,0.8436000,0.4603000},
{0.6413000,0.8423000,0.4599000},
{0.6375000,0.8410000,0.4594000},
{0.6336000,0.8397000,0.4589000},
{0.6293000,0.8384000,0.4584000},
{0.6252000,0.8373000,0.4578000},
{0.6208000,0.8356000,0.4572000},
{0.6168000,0.8346000,0.4567000},
{0.6130000,0.8335000,0.4561000},
{0.6091000,0.8324000,0.4556000},
{0.6053000,0.8312000,0.4550000},
{0.6016000,0.8300000,0.4544000},
{0.5980000,0.8288000,0.4538000},
{0.5944000,0.8277000,0.4531000},
{0.5910000,0.8265000,0.4524000},
{0.5876000,0.8254000,0.4517000}
};
inPtsRCh2 = {
{0.6895000,0.7415000,0.4077000},
{0.6878000,0.7412000,0.4073000},
{0.6859000,0.7408000,0.4069000},
{0.6840000,0.7405000,0.4064000},
{0.6820000,0.7401000,0.4060000},
{0.6799000,0.7397000,0.4056000},
{0.6776000,0.7392000,0.4052000},
{0.6750000,0.7387000,0.4048000},
{0.6723000,0.7381000,0.4044000},
{0.6694000,0.7374000,0.4039000},
{0.6658000,0.7360000,0.4034000},
{0.6626000,0.7348000,0.4030000},
{0.6626000,0.7348000,0.4030000},
{0.6607000,0.7359000,0.4012000},
{0.6580000,0.7354000,0.4006000},
{0.6554000,0.7349000,0.3998000},
{0.6526000,0.7343000,0.3991000},
{0.6500000,0.7338000,0.3983000},
{0.6472000,0.7332000,0.3975000},
{0.6445000,0.7327000,0.3967000},
{0.6417000,0.7322000,0.3959000},
{0.6389000,0.7317000,0.3950000},
{0.6361000,0.7311000,0.3942000},
{0.6334000,0.7306000,0.3935000},
{0.6307000,0.7301000,0.3928000},
{0.6280000,0.7295000,0.3920000},
{0.6253000,0.7289000,0.3912000},
{0.6227000,0.7284000,0.3905000},
{0.6201000,0.7278000,0.3897000},
{0.6175000,0.7272000,0.3889000},
{0.6150000,0.7268000,0.3881000},
{0.6126000,0.7262000,0.3873000}
};
inPtsMCh2 = {
{0.6853000,0.6647000,0.3430000},
{0.6842000,0.6644000,0.3426000},
{0.6829000,0.6642000,0.3421000},
{0.6817000,0.6639000,0.3417000},
{0.6804000,0.6636000,0.3412000},
{0.6790000,0.6633000,0.3407000},
{0.6775000,0.6631000,0.3401000},
{0.6761000,0.6628000,0.3395000},
{0.6743000,0.6623000,0.3392000},
{0.6721000,0.6617000,0.3389000},
{0.6714000,0.6616000,0.3381000},
{0.6698000,0.6613000,0.3374000},
{0.6681000,0.6609000,0.3367000},
{0.6664000,0.6606000,0.3360000},
{0.6645000,0.6602000,0.3354000},
{0.6627000,0.6598000,0.3347000},
{0.6608000,0.6595000,0.3340000},
{0.6589000,0.6590000,0.3334000},
{0.6570000,0.6587000,0.3326000},
{0.6552000,0.6583000,0.3319000},
{0.6532000,0.6578000,0.3311000},
{0.6513000,0.6575000,0.3303000},
{0.6494000,0.6570000,0.3296000},
{0.6475000,0.6567000,0.3289000},
{0.6456000,0.6562000,0.3282000},
{0.6437000,0.6558000,0.3275000},
{0.6418000,0.6553000,0.3269000},
{0.6398000,0.6549000,0.3262000},
{0.6379000,0.6544000,0.3255000},
{0.6359000,0.6539000,0.3248000},
{0.6339000,0.6535000,0.3241000},
{0.6320000,0.6531000,0.3234000}
};
inPtsLCh2 = {
{0.7247000,0.6064000,0.4295000},
{0.7236000,0.6064000,0.4292000},
{0.7224000,0.6065000,0.4288000},
{0.7211000,0.6064000,0.4285000},
{0.7198000,0.6064000,0.4282000},
{0.7184000,0.6064000,0.4278000},
{0.7170000,0.6064000,0.4274000},
{0.7156000,0.6065000,0.4269000},
{0.7141000,0.6065000,0.4266000},
{0.7126000,0.6064000,0.4261000},
{0.7110000,0.6065000,0.4257000},
{0.7094000,0.6065000,0.4252000},
{0.7077000,0.6064000,0.4250000},
{0.7061000,0.6065000,0.4246000},
{0.7043000,0.6066000,0.4241000},
{0.7026000,0.6067000,0.4236000},
{0.7008000,0.6068000,0.4231000},
{0.6990000,0.6068000,0.4226000},
{0.6971000,0.6069000,0.4221000},
{0.6952000,0.6070000,0.4216000},
{0.6924000,0.6067000,0.4215000},
{0.6903000,0.6067000,0.4211000},
{0.6883000,0.6067000,0.4206000},
{0.6876000,0.6072000,0.4196000},
{0.6857000,0.6072000,0.4191000},
{0.6838000,0.6071000,0.4186000},
{0.6818000,0.6071000,0.4181000},
{0.6799000,0.6071000,0.4176000},
{0.6781000,0.6071000,0.4171000},
{0.6762000,0.6071000,0.4165000},
{0.6743000,0.6071000,0.4160000},
{0.6724000,0.6070000,0.4154000}
};
inPtsLSh2 = {
{0.4131000,0.5354000,0.3046000},
{0.4131000,0.5354000,0.3046000},
{0.4131000,0.5354000,0.3046000},
{0.4131000,0.5354000,0.3046000},
{0.4131000,0.5354000,0.3046000},
{0.4131000,0.5354000,0.3046000},
{0.4131000,0.5354000,0.3046000},
{0.4131000,0.5354000,0.3046000},
{0.4131000,0.5354000,0.3046000},
{0.4131000,0.5354000,0.3046000},
{0.4131000,0.5354000,0.3046000},
{0.4131000,0.5354000,0.3046000},
{0.4131000,0.5354000,0.3046000},
{0.4131000,0.5354000,0.3046000},
{0.4131000,0.5354000,0.3046000},
{0.4131000,0.5354000,0.3046000},
{0.4131000,0.5354000,0.3046000},
{0.4131000,0.5354000,0.3046000},
{0.4131000,0.5354000,0.3046000},
{0.4131000,0.5354000,0.3046000},
{0.4131000,0.5354000,0.3046000},
{0.4131000,0.5354000,0.3046000},
{0.4131000,0.5354000,0.3046000},
{0.4131000,0.5354000,0.3046000},
{0.4131000,0.5354000,0.3046000},
{0.4131000,0.5354000,0.3046000},
{0.4131000,0.5354000,0.3046000},
{0.4131000,0.5354000,0.3046000},
{0.4131000,0.5354000,0.3046000},
{0.4131000,0.5354000,0.3046000},
{0.4131000,0.5354000,0.3046000},
{0.4131000,0.5354000,0.3046000}
};
inPtsEeWam2 = {
{0.2957259,0.8900939,-0.1435854},
{0.2796295,0.8941587,-0.1389083},
{0.2634286,0.8983107,-0.1340571},
{0.2472900,0.9019978,-0.1291620},
{0.2311215,0.9058788,-0.1244679},
{0.2153861,0.9096496,-0.1202233},
{0.1998253,0.9132913,-0.1165381},
{0.1847433,0.9169008,-0.1133475},
{0.1703384,0.9204538,-0.1102607},
{0.1558866,0.9239330,-0.1070788},
{0.1421714,0.9272760,-0.1035904},
{0.1277057,0.9300597,-0.0997153},
{0.1142108,0.9329332,-0.0959303},
{0.1011326,0.9357944,-0.0922918},
{0.0885164,0.9383352,-0.0890963},
{0.0765021,0.9408789,-0.0865412},
{0.0648934,0.9432629,-0.0840417},
{0.0540974,0.9455829,-0.0817905},
{0.0433726,0.9478118,-0.0790981},
{0.0330660,0.9498509,-0.0765056},
{0.0235860,0.9517284,-0.0743489},
{0.0141055,0.9533044,-0.0725055},
{0.0058321,0.9552862,-0.0710079},
{-0.0020977,0.9563500,-0.0700546},
{-0.0096205,0.9577422,-0.0692217},
{-0.0166057,0.9586762,-0.0685187},
{-0.0232515,0.9597494,-0.0675676},
{-0.0296334,0.9606531,-0.0666499},
{-0.0361845,0.9616992,-0.0656751},
{-0.0422568,0.9624239,-0.0648441},
{-0.0482100,0.9630588,-0.0641746},
{-0.0537251,0.9635271,-0.0634921}
};
inPtsRPiWam2 = {
{0.2572341,0.8391799,-0.1320116},
{0.2406286,0.8436010,-0.1274497},
{0.2239932,0.8480161,-0.1228455},
{0.2073602,0.8520724,-0.1183573},
{0.1907773,0.8562292,-0.1140305},
{0.1746273,0.8603419,-0.1101635},
{0.1586080,0.8643317,-0.1065302},
{0.1429615,0.8683977,-0.1033971},
{0.1279151,0.8725024,-0.1004983},
{0.1129490,0.8764205,-0.0977359},
{0.0987841,0.8800757,-0.0948248},
{0.0839382,0.8831575,-0.0916558},
{0.0702299,0.8861718,-0.0886389},
{0.0569266,0.8891193,-0.0859488},
{0.0440695,0.8918517,-0.0835182},
{0.0318474,0.8946247,-0.0816435},
{0.0199778,0.8971644,-0.0797848},
{0.0089124,0.8996815,-0.0781808},
{-0.0020234,0.9020719,-0.0763754},
{-0.0125138,0.9042290,-0.0746527},
{-0.0221683,0.9061700,-0.0734049},
{-0.0317109,0.9076852,-0.0721682},
{-0.0402417,0.9100280,-0.0714274},
{-0.0484047,0.9114580,-0.0708440},
{-0.0561314,0.9129940,-0.0703536},
{-0.0633353,0.9142698,-0.0700117},
{-0.0701236,0.9155101,-0.0696347},
{-0.0766644,0.9165662,-0.0692390},
{-0.0832273,0.9175063,-0.0687309},
{-0.0893376,0.9183629,-0.0684204},
{-0.0953177,0.9188494,-0.0679548},
{-0.1008923,0.9193860,-0.0677105}
};
inPtsRThWam2 = {
{0.2699681,0.8022553,-0.1010047},
{0.2530420,0.8064239,-0.0966324},
{0.2362151,0.8104390,-0.0924926},
{0.2193024,0.8139725,-0.0883631},
{0.2024906,0.8176864,-0.0844592},
{0.1860156,0.8214187,-0.0807397},
{0.1695831,0.8253532,-0.0770889},
{0.1534224,0.8293490,-0.0738964},
{0.1377537,0.8333113,-0.0708902},
{0.1222556,0.8369547,-0.0681510},
{0.1076088,0.8402917,-0.0654853},
{0.0924549,0.8427800,-0.0628468},
{0.0785350,0.8452576,-0.0603477},
{0.0650228,0.8476001,-0.0584556},
{0.0518956,0.8498470,-0.0565172},
{0.0393837,0.8521972,-0.0549139},
{0.0271289,0.8545361,-0.0533693},
{0.0156347,0.8568634,-0.0519941},
{0.0043309,0.8588976,-0.0506434},
{-0.0064744,0.8607257,-0.0494695},
{-0.0164847,0.8624528,-0.0487699},
{-0.0261942,0.8638918,-0.0479909},
{-0.0351442,0.8658470,-0.0475493},
{-0.0436757,0.8670346,-0.0469510},
{-0.0516561,0.8685179,-0.0467478},
{-0.0592041,0.8695685,-0.0464420},
{-0.0663179,0.8706778,-0.0462803},
{-0.0731938,0.8716721,-0.0460931},
{-0.0798335,0.8726328,-0.0460140},
{-0.0861274,0.8732809,-0.0459201},
{-0.0922152,0.8740030,-0.0456073},
{-0.0979867,0.8744852,-0.0455625}
};
inPtsRWWam2 = {
{0.3110465,0.8456687,-0.1062801},
{0.2945676,0.8494202,-0.1018231},
{0.2781458,0.8530614,-0.0975070},
{0.2616382,0.8562218,-0.0931248},
{0.2451852,0.8596016,-0.0889624},
{0.2290235,0.8630393,-0.0849884},
{0.2129781,0.8665784,-0.0812549},
{0.1972851,0.8700848,-0.0779786},
{0.1821226,0.8735125,-0.0747974},
{0.1670115,0.8767570,-0.0717141},
{0.1527159,0.8797387,-0.0685331},
{0.1378593,0.8819218,-0.0653693},
{0.1240916,0.8842562,-0.0622714},
{0.1107611,0.8864163,-0.0595947},
{0.0978067,0.8884720,-0.0570439},
{0.0854193,0.8906773,-0.0549139},
{0.0733636,0.8927719,-0.0527540},
{0.0620624,0.8948497,-0.0507630},
{0.0508982,0.8966786,-0.0486225},
{0.0402235,0.8982946,-0.0466606},
{0.0303387,0.8997885,-0.0450803},
{0.0206825,0.9010941,-0.0436814},
{0.0118911,0.9027719,-0.0426260},
{0.0035030,0.9037389,-0.0417578},
{-0.0043086,0.9049525,-0.0412034},
{-0.0117170,0.9057785,-0.0406273},
{-0.0187472,0.9066868,-0.0399258},
{-0.0255203,0.9074492,-0.0392197},
{-0.0321451,0.9082893,-0.0386368},
{-0.0384417,0.9088476,-0.0381042},
{-0.0445020,0.9094596,-0.0374655},
{-0.0502488,0.9098077,-0.0369942}
};
inPtsRLAWam2 = {
{0.5901872,0.9552317,-0.1150239},
{0.5745729,0.9566252,-0.1120268},
{0.5589054,0.9581806,-0.1086420},
{0.5430271,0.9595701,-0.1049322},
{0.5272916,0.9609421,-0.1010489},
{0.5118842,0.9622863,-0.0968130},
{0.4966734,0.9634921,-0.0924219},
{0.4817808,0.9647837,-0.0876879},
{0.4673952,0.9659866,-0.0830469},
{0.4529542,0.9672789,-0.0782370},
{0.4392994,0.9683070,-0.0735865},
{0.4250510,0.9685860,-0.0685692},
{0.4118872,0.9689412,-0.0637384},
{0.3990815,0.9693084,-0.0590607},
{0.3866610,0.9694368,-0.0542382},
{0.3747500,0.9697923,-0.0495683},
{0.3630836,0.9702179,-0.0447285},
{0.3520918,0.9708002,-0.0400658},
{0.3412035,0.9711604,-0.0353843},
{0.3307285,0.9714896,-0.0308708},
{0.3210880,0.9715058,-0.0271509},
{0.3116989,0.9711363,-0.0235929},
{0.3031602,0.9711323,-0.0205094},
{0.2950025,0.9704096,-0.0176115},
{0.2874021,0.9698665,-0.0149159},
{0.2801422,0.9692203,-0.0124607},
{0.2732280,0.9688605,-0.0101789},
{0.2665571,0.9684103,-0.0080022},
{0.2600205,0.9679560,-0.0057866},
{0.2537584,0.9675826,-0.0039092},
{0.2477508,0.9671852,-0.0020246},
{0.2419739,0.9669087,-0.0003152}
};
inPtsRElWam2 = {
{0.5949842,0.9465125,-0.0711381},
{0.5796540,0.9475207,-0.0682513},
{0.5642083,0.9486418,-0.0649855},
{0.5485164,0.9495982,-0.0613957},
{0.5328950,0.9505218,-0.0576321},
{0.5175171,0.9513907,-0.0535169},
{0.5022583,0.9521190,-0.0492425},
{0.4872099,0.9528883,-0.0446295},
{0.4726548,0.9535919,-0.0401085},
{0.4580239,0.9543490,-0.0354338},
{0.4441958,0.9548984,-0.0309106},
{0.4297122,0.9547106,-0.0260163},
{0.4163146,0.9546300,-0.0213050},
{0.4032464,0.9545491,-0.0167545},
{0.3905108,0.9542404,-0.0120570},
{0.3782535,0.9541388,-0.0075244},
{0.3662380,0.9540768,-0.0028416},
{0.3549087,0.9541678,0.0016527},
{0.3436987,0.9540510,0.0061614},
{0.3329108,0.9539048,0.0104936},
{0.3229760,0.9535475,0.0140672},
{0.3132621,0.9528564,0.0174973},
{0.3044221,0.9525086,0.0204365},
{0.2959324,0.9515504,0.0232354},
{0.2879828,0.9507597,0.0258222},
{0.2804220,0.9498914,0.0281757},
{0.2732658,0.9492945,0.0303448},
{0.2663674,0.9486227,0.0324133},
{0.2595769,0.9479401,0.0345144},
{0.2531233,0.9473450,0.0362784},
{0.2469306,0.9467330,0.0380508},
{0.2410023,0.9462192,0.0396348}
};
inPtsRUAWam2 = {
{0.6368047,0.9630342,-0.0728928},
{0.6214966,0.9638493,-0.0710029},
{0.6060244,0.9648430,-0.0687179},
{0.5902550,0.9657414,-0.0661172},
{0.5745385,0.9665956,-0.0633288},
{0.5590409,0.9674110,-0.0601594},
{0.5436420,0.9680805,-0.0568331},
{0.5284164,0.9688514,-0.0531268},
{0.5136764,0.9695585,-0.0494517},
{0.4988177,0.9703928,-0.0456053},
{0.4847657,0.9710043,-0.0418505},
{0.4700082,0.9709271,-0.0377748},
{0.4563500,0.9709341,-0.0338090},
{0.4430108,0.9709818,-0.0299364},
{0.4299942,0.9708031,-0.0259040},
{0.4174528,0.9708615,-0.0219731},
{0.4051321,0.9710124,-0.0178563},
{0.3935030,0.9713421,-0.0138560},
{0.3819791,0.9714749,-0.0098391},
{0.3708787,0.9716050,-0.0059425},
{0.3606936,0.9714293,-0.0027440},
{0.3507277,0.9708863,0.0002853},
{0.3416906,0.9706706,0.0029381},
{0.3329937,0.9698070,0.0053985},
{0.3248494,0.9691111,0.0076818},
{0.3171089,0.9683428,0.0097741},
{0.3097831,0.9678627,0.0117246},
{0.3027199,0.9673033,0.0135843},
{0.2957613,0.9667382,0.0154796},
{0.2891471,0.9662822,0.0170775},
{0.2827994,0.9657955,0.0186845},
{0.2767138,0.9654573,0.0201519}
};
inPtsRShWam2 = {
{0.7006000,0.8585000,0.4633000},
{0.6979000,0.8581000,0.4633000},
{0.6951000,0.8575000,0.4633000},
{0.6922000,0.8570000,0.4633000},
{0.6891000,0.8564000,0.4632000},
{0.6859000,0.8556000,0.4632000},
{0.6827000,0.8548000,0.4631000},
{0.6794000,0.8539000,0.4631000},
{0.6758000,0.8529000,0.4630000},
{0.6722000,0.8518000,0.4627000},
{0.6685000,0.8507000,0.4624000},
{0.6647000,0.8496000,0.4621000},
{0.6610000,0.8485000,0.4618000},
{0.6570000,0.8473000,0.4614000},
{0.6531000,0.8461000,0.4611000},
{0.6491000,0.8449000,0.4607000},
{0.6452000,0.8436000,0.4603000},
{0.6413000,0.8423000,0.4599000},
{0.6375000,0.8410000,0.4594000},
{0.6336000,0.8397000,0.4589000},
{0.6293000,0.8384000,0.4584000},
{0.6252000,0.8373000,0.4578000},
{0.6208000,0.8356000,0.4572000},
{0.6168000,0.8346000,0.4567000},
{0.6130000,0.8335000,0.4561000},
{0.6091000,0.8324000,0.4556000},
{0.6053000,0.8312000,0.4550000},
{0.6016000,0.8300000,0.4544000},
{0.5980000,0.8288000,0.4538000},
{0.5944000,0.8277000,0.4531000},
{0.5910000,0.8265000,0.4524000},
{0.5876000,0.8254000,0.4517000}
};
shoToUaVsWam2 = {
{-0.0637953,0.1045342,-0.5361928},
{-0.0764034,0.1057493,-0.5343029},
{-0.0890756,0.1073430,-0.5320179},
{-0.1019450,0.1087414,-0.5294172},
{-0.1145615,0.1101956,-0.5265288},
{-0.1268591,0.1118110,-0.5233594},
{-0.1390580,0.1132805,-0.5199331},
{-0.1509836,0.1149514,-0.5162268},
{-0.1621236,0.1166585,-0.5124517},
{-0.1733823,0.1185928,-0.5083053},
{-0.1837343,0.1203043,-0.5042505},
{-0.1946918,0.1213271,-0.4998748},
{-0.2046500,0.1224341,-0.4956090},
{-0.2139892,0.1236818,-0.4913364},
{-0.2231058,0.1247031,-0.4870040},
{-0.2316472,0.1259615,-0.4826731},
{-0.2400679,0.1274124,-0.4781563},
{-0.2477970,0.1290421,-0.4737560},
{-0.2555209,0.1304749,-0.4692391},
{-0.2627213,0.1319050,-0.4648425},
{-0.2686064,0.1330293,-0.4611440},
{-0.2744723,0.1335863,-0.4575147},
{-0.2791094,0.1350706,-0.4542619},
{-0.2838063,0.1352070,-0.4513015},
{-0.2881506,0.1356111,-0.4484182},
{-0.2919911,0.1359428,-0.4458259},
{-0.2955169,0.1366627,-0.4432754},
{-0.2988801,0.1373033,-0.4408157},
{-0.3022387,0.1379382,-0.4383204},
{-0.3052529,0.1385822,-0.4360225},
{-0.3082006,0.1392955,-0.4337155},
{-0.3108862,0.1400573,-0.4315481}
};
elOffsetVsWam2 = {
{-0.0418205,-0.0165217,0.0017547},
{-0.0418426,-0.0163286,0.0027516},
{-0.0418161,-0.0162012,0.0037324},
{-0.0417385,-0.0161432,0.0047214},
{-0.0416435,-0.0160738,0.0056967},
{-0.0415238,-0.0160203,0.0066425},
{-0.0413837,-0.0159615,0.0075906},
{-0.0412065,-0.0159631,0.0084973},
{-0.0410216,-0.0159666,0.0093432},
{-0.0407938,-0.0160438,0.0101716},
{-0.0405699,-0.0161059,0.0109399},
{-0.0402959,-0.0162165,0.0117585},
{-0.0400353,-0.0163041,0.0125039},
{-0.0397643,-0.0164328,0.0131818},
{-0.0394834,-0.0165627,0.0138470},
{-0.0391993,-0.0167227,0.0144487},
{-0.0388940,-0.0169356,0.0150148},
{-0.0385943,-0.0171743,0.0155087},
{-0.0382804,-0.0174239,0.0160005},
{-0.0379679,-0.0177001,0.0164362},
{-0.0377177,-0.0178819,0.0168112},
{-0.0374656,-0.0180299,0.0172120},
{-0.0372686,-0.0181620,0.0174984},
{-0.0370613,-0.0182566,0.0178369},
{-0.0368667,-0.0183513,0.0181405},
{-0.0366869,-0.0184514,0.0184016},
{-0.0365172,-0.0185682,0.0186202},
{-0.0363525,-0.0186806,0.0188290},
{-0.0361844,-0.0187981,0.0190348},
{-0.0360238,-0.0189372,0.0192008},
{-0.0358688,-0.0190625,0.0193663},
{-0.0357115,-0.0192381,0.0194829}
};
wOffsetVsWam2 = {
{-0.0047970,0.0087192,-0.0438858},
{-0.0050811,0.0091045,-0.0437755},
{-0.0053028,0.0095388,-0.0436565},
{-0.0054894,0.0099720,-0.0435365},
{-0.0056034,0.0104203,-0.0434168},
{-0.0056329,0.0108956,-0.0432961},
{-0.0055849,0.0113731,-0.0431794},
{-0.0054291,0.0118954,-0.0430584},
{-0.0052595,0.0123947,-0.0429384},
{-0.0050697,0.0129299,-0.0428032},
{-0.0048964,0.0134085,-0.0426759},
{-0.0046612,0.0138753,-0.0425529},
{-0.0044274,0.0143112,-0.0424333},
{-0.0041650,0.0147594,-0.0423062},
{-0.0038498,0.0151964,-0.0421811},
{-0.0035035,0.0156535,-0.0420440},
{-0.0031544,0.0161411,-0.0418869},
{-0.0028169,0.0166325,-0.0417184},
{-0.0024951,0.0171094,-0.0415457},
{-0.0021823,0.0175847,-0.0413644},
{-0.0018879,0.0179583,-0.0412181},
{-0.0015632,0.0182799,-0.0410902},
{-0.0012619,0.0186237,-0.0409459},
{-0.0009298,0.0188592,-0.0408469},
{-0.0005807,0.0191068,-0.0407381},
{-0.0002798,0.0193289,-0.0406364},
{-0.0000378,0.0195660,-0.0405237},
{0.0001897,0.0197876,-0.0404155},
{0.0004436,0.0200159,-0.0403010},
{0.0006350,0.0202376,-0.0401875},
{0.0008201,0.0204522,-0.0400754},
{0.0009716,0.0206895,-0.0399500}
};
laToWrVsWam2 = {
{-0.2791406,-0.1095630,0.0087438},
{-0.2800053,-0.1072051,0.0102037},
{-0.2807596,-0.1051192,0.0111349},
{-0.2813889,-0.1033484,0.0118075},
{-0.2821064,-0.1013405,0.0120865},
{-0.2828607,-0.0992471,0.0118246},
{-0.2836953,-0.0969137,0.0111670},
{-0.2844958,-0.0946989,0.0097093},
{-0.2852727,-0.0924741,0.0082495},
{-0.2859427,-0.0905219,0.0065229},
{-0.2865835,-0.0885683,0.0050534},
{-0.2871917,-0.0866642,0.0031999},
{-0.2877956,-0.0846850,0.0014670},
{-0.2883203,-0.0828921,-0.0005339},
{-0.2888544,-0.0809647,-0.0028057},
{-0.2893307,-0.0791149,-0.0053456},
{-0.2897201,-0.0774459,-0.0080255},
{-0.2900295,-0.0759505,-0.0106973},
{-0.2903054,-0.0744818,-0.0132382},
{-0.2905050,-0.0731950,-0.0157898},
{-0.2907493,-0.0717173,-0.0179293},
{-0.2910164,-0.0700421,-0.0200886},
{-0.2912691,-0.0683604,-0.0221166},
{-0.2914995,-0.0666706,-0.0241463},
{-0.2917107,-0.0649140,-0.0262875},
{-0.2918592,-0.0634418,-0.0281666},
{-0.2919753,-0.0621737,-0.0297469},
{-0.2920774,-0.0609611,-0.0312174},
{-0.2921656,-0.0596667,-0.0328502},
{-0.2922001,-0.0587350,-0.0341951},
{-0.2922528,-0.0577256,-0.0354409},
{-0.2922227,-0.0571010,-0.0366790}
};
elToWrVsWam2 = {
{-0.2839376,-0.1008438,-0.0351420},
{-0.2850863,-0.0981005,-0.0335718},
{-0.2860625,-0.0955804,-0.0325216},
{-0.2868782,-0.0933764,-0.0317290},
{-0.2877098,-0.0909202,-0.0313303},
{-0.2884936,-0.0883514,-0.0314715},
{-0.2892802,-0.0855406,-0.0320124},
{-0.2899248,-0.0828035,-0.0333491},
{-0.2905322,-0.0800795,-0.0346890},
{-0.2910124,-0.0775920,-0.0362803},
{-0.2914799,-0.0751597,-0.0376225},
{-0.2918529,-0.0727888,-0.0393530},
{-0.2922230,-0.0703738,-0.0409664},
{-0.2924853,-0.0681327,-0.0428401},
{-0.2927041,-0.0657683,-0.0449869},
{-0.2928342,-0.0634614,-0.0473896},
{-0.2928745,-0.0613049,-0.0499124},
{-0.2928463,-0.0593181,-0.0524157},
{-0.2928005,-0.0573724,-0.0547839},
{-0.2926874,-0.0556102,-0.0571542},
{-0.2926372,-0.0537590,-0.0591475},
{-0.2925796,-0.0517623,-0.0611788},
{-0.2925310,-0.0497368,-0.0630625},
{-0.2924294,-0.0478115,-0.0649932},
{-0.2922914,-0.0458072,-0.0670256},
{-0.2921390,-0.0441129,-0.0688029},
{-0.2920131,-0.0426077,-0.0702706},
{-0.2918877,-0.0411735,-0.0716330},
{-0.2917220,-0.0396508,-0.0731512},
{-0.2915650,-0.0384975,-0.0743826},
{-0.2914327,-0.0372734,-0.0755162},
{-0.2912511,-0.0364115,-0.0766290}
};
wrToEeVsWam2 = {
{-0.0153207,0.0444251,-0.0373053},
{-0.0149381,0.0447386,-0.0370852},
{-0.0147172,0.0452493,-0.0365501},
{-0.0143482,0.0457760,-0.0360373},
{-0.0140637,0.0462772,-0.0355054},
{-0.0136374,0.0466103,-0.0352349},
{-0.0131529,0.0467129,-0.0352832},
{-0.0125418,0.0468161,-0.0353689},
{-0.0117842,0.0469414,-0.0354632},
{-0.0111249,0.0471760,-0.0353647},
{-0.0105444,0.0475373,-0.0350573},
{-0.0101536,0.0481379,-0.0343460},
{-0.0098808,0.0486770,-0.0336589},
{-0.0096286,0.0493780,-0.0326971},
{-0.0092902,0.0498631,-0.0320525},
{-0.0089172,0.0502016,-0.0316272},
{-0.0084702,0.0504910,-0.0312877},
{-0.0079650,0.0507332,-0.0310274},
{-0.0075256,0.0511332,-0.0304756},
{-0.0071574,0.0515562,-0.0298450},
{-0.0067527,0.0519399,-0.0292686},
{-0.0065770,0.0522103,-0.0288241},
{-0.0060590,0.0525143,-0.0283819},
{-0.0056007,0.0526111,-0.0282968},
{-0.0053119,0.0527897,-0.0280184},
{-0.0048887,0.0528977,-0.0278914},
{-0.0045043,0.0530626,-0.0276418},
{-0.0041131,0.0532040,-0.0274302},
{-0.0040394,0.0534099,-0.0270383},
{-0.0038150,0.0535764,-0.0267399},
{-0.0037080,0.0535992,-0.0267091},
{-0.0034763,0.0537194,-0.0264980}
};
shoToElVsWam2 = {
{-0.1056158,0.0880125,-0.5344381},
{-0.1182460,0.0894207,-0.5315513},
{-0.1308917,0.0911418,-0.5282855},
{-0.1436836,0.0925982,-0.5246957},
{-0.1562050,0.0941218,-0.5208321},
{-0.1683829,0.0957907,-0.5167169},
{-0.1804417,0.0973190,-0.5123425},
{-0.1921901,0.0989883,-0.5077295},
{-0.2031452,0.1006919,-0.5031085},
{-0.2141761,0.1025490,-0.4981338},
{-0.2243042,0.1041984,-0.4933106},
{-0.2349878,0.1051106,-0.4881163},
{-0.2446854,0.1061300,-0.4831050},
{-0.2537536,0.1072491,-0.4781545},
{-0.2625892,0.1081404,-0.4731570},
{-0.2708465,0.1092388,-0.4682244},
{-0.2789620,0.1104768,-0.4631416},
{-0.2863913,0.1118678,-0.4582473},
{-0.2938013,0.1130510,-0.4532386},
{-0.3006892,0.1142048,-0.4484064},
{-0.3063240,0.1151475,-0.4443328},
{-0.3119379,0.1155564,-0.4403027},
{-0.3163779,0.1169086,-0.4367635},
{-0.3208676,0.1169504,-0.4334646},
{-0.3250172,0.1172597,-0.4302778},
{-0.3286780,0.1174914,-0.4274243},
{-0.3320342,0.1180945,-0.4246552},
{-0.3352326,0.1186227,-0.4219867},
{-0.3384231,0.1191401,-0.4192856},
{-0.3412767,0.1196450,-0.4168216},
{-0.3440694,0.1202330,-0.4143492},
{-0.3465977,0.1208192,-0.4120652}
};
shoToLaVsWam2 = {
{-0.1104128,0.0967317,-0.5783239},
{-0.1233271,0.0985252,-0.5753268},
{-0.1361946,0.1006806,-0.5719420},
{-0.1491729,0.1025701,-0.5682322},
{-0.1618084,0.1045421,-0.5642489},
{-0.1740158,0.1066863,-0.5600130},
{-0.1860266,0.1086921,-0.5555219},
{-0.1976192,0.1108837,-0.5507879},
{-0.2084048,0.1130866,-0.5460469},
{-0.2192458,0.1154789,-0.5409370},
{-0.2292006,0.1176070,-0.5359865},
{-0.2396490,0.1189860,-0.5306692},
{-0.2491128,0.1204412,-0.5255384},
{-0.2579185,0.1220084,-0.5204607},
{-0.2664390,0.1233368,-0.5153382},
{-0.2743500,0.1248923,-0.5102683},
{-0.2821164,0.1266179,-0.5050285},
{-0.2892082,0.1285002,-0.4999658},
{-0.2962965,0.1301604,-0.4947843},
{-0.3028715,0.1317896,-0.4897708},
{-0.3082120,0.1331058,-0.4855509},
{-0.3135011,0.1338363,-0.4813929},
{-0.3176398,0.1355323,-0.4777094},
{-0.3217975,0.1358096,-0.4743115},
{-0.3255979,0.1363665,-0.4710159},
{-0.3289578,0.1368203,-0.4680607},
{-0.3320720,0.1376605,-0.4651789},
{-0.3350429,0.1384103,-0.4624022},
{-0.3379795,0.1391560,-0.4595866},
{-0.3406416,0.1398826,-0.4570092},
{-0.3432492,0.1406852,-0.4544246},
{-0.3456261,0.1415087,-0.4520152}
};
shoToWrVsWam2 = {
{-0.3895535,-0.0128313,-0.5695801},
{-0.4033324,-0.0086798,-0.5651231},
{-0.4169542,-0.0044386,-0.5608070},
{-0.4305618,-0.0007782,-0.5564248},
{-0.4439148,0.0032016,-0.5521624},
{-0.4568765,0.0074393,-0.5481884},
{-0.4697219,0.0117784,-0.5443549},
{-0.4821149,0.0161848,-0.5410786},
{-0.4936774,0.0206125,-0.5377974},
{-0.5051885,0.0249570,-0.5344141},
{-0.5157841,0.0290387,-0.5309331},
{-0.5268407,0.0323218,-0.5274693},
{-0.5369084,0.0357562,-0.5240714},
{-0.5462389,0.0391163,-0.5209947},
{-0.5552933,0.0423720,-0.5181439},
{-0.5636807,0.0457773,-0.5156139},
{-0.5718364,0.0491719,-0.5130540},
{-0.5792376,0.0525497,-0.5106630},
{-0.5866018,0.0556786,-0.5080225},
{-0.5933765,0.0585946,-0.5055606},
{-0.5989613,0.0613885,-0.5034803},
{-0.6045175,0.0637941,-0.5014814},
{-0.6089089,0.0671719,-0.4998260},
{-0.6132970,0.0691389,-0.4984578},
{-0.6173086,0.0714525,-0.4973034},
{-0.6208170,0.0733785,-0.4962273},
{-0.6240472,0.0754868,-0.4949258},
{-0.6271203,0.0774492,-0.4936197},
{-0.6301451,0.0794893,-0.4924368},
{-0.6328417,0.0811476,-0.4912042},
{-0.6355020,0.0829596,-0.4898655},
{-0.6378488,0.0844077,-0.4886942}
};
shoToThVsWam2 = {
{-0.4306319,-0.0562447,-0.5643047},
{-0.4448580,-0.0516761,-0.5599324},
{-0.4588849,-0.0470610,-0.5557926},
{-0.4728976,-0.0430275,-0.5516631},
{-0.4866094,-0.0387136,-0.5476592},
{-0.4998844,-0.0341813,-0.5439397},
{-0.5131169,-0.0294468,-0.5401889},
{-0.5259776,-0.0245510,-0.5369964},
{-0.5380463,-0.0195887,-0.5338902},
{-0.5499444,-0.0148453,-0.5308510},
{-0.5608912,-0.0104083,-0.5278853},
{-0.5722451,-0.0068200,-0.5249468},
{-0.5824650,-0.0032424,-0.5221477},
{-0.5919772,0.0003001,-0.5198556},
{-0.6012044,0.0037470,-0.5176172},
{-0.6097163,0.0072972,-0.5156139},
{-0.6180711,0.0109361,-0.5136693},
{-0.6256653,0.0145634,-0.5118941},
{-0.6331691,0.0178976,-0.5100434},
{-0.6400744,0.0210257,-0.5083695},
{-0.6457847,0.0240528,-0.5071699},
{-0.6513942,0.0265918,-0.5057909},
{-0.6559442,0.0302470,-0.5047493},
{-0.6604757,0.0324346,-0.5036510},
{-0.6646561,0.0350179,-0.5028478},
{-0.6683041,0.0371685,-0.5020420},
{-0.6716179,0.0394778,-0.5012803},
{-0.6747938,0.0416721,-0.5004931},
{-0.6778335,0.0438328,-0.4998140},
{-0.6805274,0.0455809,-0.4990201},
{-0.6832152,0.0475030,-0.4980073},
{-0.6855867,0.0490852,-0.4972625}
};
shoToPiVsWam2 = {
{-0.4433659,-0.0193201,-0.5953116},
{-0.4572714,-0.0144990,-0.5907497},
{-0.4711068,-0.0094839,-0.5861455},
{-0.4848398,-0.0049276,-0.5816573},
{-0.4983227,-0.0001708,-0.5772305},
{-0.5112727,0.0047419,-0.5733635},
{-0.5240920,0.0095317,-0.5696302},
{-0.5364385,0.0144977,-0.5664971},
{-0.5478849,0.0196024,-0.5634983},
{-0.5592510,0.0246205,-0.5604359},
{-0.5697159,0.0293757,-0.5572248},
{-0.5807618,0.0335575,-0.5537558},
{-0.5907701,0.0376718,-0.5504389},
{-0.6000734,0.0418193,-0.5473488},
{-0.6090305,0.0457517,-0.5446182},
{-0.6172526,0.0497247,-0.5423435},
{-0.6252222,0.0535644,-0.5400848},
{-0.6323876,0.0573815,-0.5380808},
{-0.6395234,0.0610719,-0.5357754},
{-0.6461138,0.0645290,-0.5335527},
{-0.6514683,0.0677700,-0.5318049},
{-0.6569109,0.0703852,-0.5299682},
{-0.6610417,0.0744280,-0.5286274},
{-0.6652047,0.0768580,-0.5275440},
{-0.6691314,0.0794940,-0.5264536},
{-0.6724353,0.0818698,-0.5256117},
{-0.6754236,0.0843101,-0.5246347},
{-0.6782644,0.0865662,-0.5236390},
{-0.6812273,0.0887063,-0.5225309},
{-0.6837376,0.0906629,-0.5215204},
{-0.6863177,0.0923494,-0.5203548},
{-0.6884923,0.0939860,-0.5194105}
};
shoToEeVsWam2 = {
{-0.4048741,0.0315939,-0.6068854},
{-0.4182705,0.0360587,-0.6022083},
{-0.4316714,0.0408107,-0.5973571},
{-0.4449100,0.0449978,-0.5924620},
{-0.4579785,0.0494788,-0.5876679},
{-0.4705139,0.0540496,-0.5834233},
{-0.4828747,0.0584913,-0.5796381},
{-0.4946567,0.0630008,-0.5764475},
{-0.5054616,0.0675538,-0.5732607},
{-0.5163134,0.0721330,-0.5697788},
{-0.5263286,0.0765760,-0.5659904},
{-0.5369943,0.0804597,-0.5618153},
{-0.5467892,0.0844332,-0.5577303},
{-0.5558674,0.0884944,-0.5536918},
{-0.5645836,0.0922352,-0.5501963},
{-0.5725979,0.0959789,-0.5472412},
{-0.5803066,0.0996629,-0.5443417},
{-0.5872026,0.1032829,-0.5416905},
{-0.5941274,0.1068118,-0.5384981},
{-0.6005340,0.1101509,-0.5354056},
{-0.6057140,0.1133284,-0.5327489},
{-0.6110945,0.1160044,-0.5303055},
{-0.6149679,0.1196862,-0.5282079},
{-0.6188977,0.1217500,-0.5267546},
{-0.6226205,0.1242422,-0.5253217},
{-0.6257057,0.1262762,-0.5241187},
{-0.6285515,0.1285494,-0.5225676},
{-0.6312334,0.1306531,-0.5210499},
{-0.6341845,0.1328992,-0.5194751},
{-0.6366568,0.1347239,-0.5179441},
{-0.6392100,0.1365588,-0.5165746},
{-0.6413251,0.1381271,-0.5151921}
};
rMatsCh2 = {
{0.2646456,0.1615940,0.9507103},
{0.2341312,-0.9671297,0.0992107},
{0.9354920,0.1963353,-0.2937808},
{0.2607464,0.1632218,0.9515093},
{0.2388843,-0.9658623,0.1002213},
{0.9353853,0.2011682,-0.2908363},
{0.2571703,0.1639227,0.9523617},
{0.2444749,-0.9644861,0.0999930},
{0.9349307,0.2071133,-0.2881122},
{0.2521789,0.1654428,0.9534330},
{0.2490169,-0.9631898,0.1012720},
{0.9350916,0.2118823,-0.2840942},
{0.2472791,0.1665589,0.9545214},
{0.2545590,-0.9616777,0.1018614},
{0.9349079,0.2177938,-0.2802019},
{0.2426045,0.1674479,0.9555649},
{0.2602278,-0.9601255,0.1021789},
{0.9345719,0.2238754,-0.2765054},
{0.2373832,0.1672337,0.9569128},
{0.2671336,-0.9583296,0.1012130},
{0.9339641,0.2315973,-0.2721651},
{0.2294684,0.1678646,0.9587313},
{0.2767671,-0.9556066,0.1010744},
{0.9331368,0.2421519,-0.2657409},
{0.2255491,0.1703852,0.9592166},
{0.2860053,-0.9527847,0.1019917},
{0.9313048,0.2513369,-0.2636308},
{0.2254990,0.1733018,0.9587057},
{0.2962964,-0.9496371,0.1019701},
{0.9280941,0.2610669,-0.2654909},
{0.2003926,0.1685634,0.9651058},
{0.3132703,-0.9443950,0.0998993},
{0.9282804,0.2823199,-0.2420556},
{0.1890399,0.1658477,0.9678628},
{0.3265719,-0.9401494,0.0973139},
{0.9260749,0.2976806,-0.2318869},
{0.1990030,0.1668059,0.9656985},
{0.3150866,-0.9439768,0.0981235},
{0.9279646,0.2847518,-0.2404125},
{0.1993196,0.1780171,0.9636294},
{0.3146763,-0.9429082,0.1091007},
{0.9280359,0.2814854,-0.2439578},
{0.1947021,0.1799691,0.9642107},
{0.3220957,-0.9402415,0.1104549},
{0.9264694,0.2890623,-0.2410343},
{0.1899063,0.1824751,0.9646960},
{0.3293170,-0.9374933,0.1125016},
{0.9249248,0.2963261,-0.2381281},
{0.1842366,0.1834864,0.9656032},
{0.3373905,-0.9345328,0.1132084},
{0.9231601,0.3049283,-0.2340817},
{0.1803894,0.1864887,0.9657544},
{0.3437817,-0.9318902,0.1157359},
{0.9215605,0.3111311,-0.2322145},
{0.1739717,0.1875091,0.9667338},
{0.3512102,-0.9289603,0.1169793},
{0.9199920,0.3191757,-0.2274679},
{0.1674810,0.1896647,0.9674593},
{0.3580023,-0.9260334,0.1195681},
{0.9185774,0.3263273,-0.2229934},
{0.1568325,0.1906834,0.9690425},
{0.3587346,-0.9251679,0.1239914},
{0.9201701,0.3281832,-0.2135012},
{0.1492230,0.1918652,0.9700104},
{0.3644239,-0.9226111,0.1264280},
{0.9191995,0.3346290,-0.2075950},
{0.1427464,0.1939127,0.9705778},
{0.3712199,-0.9195242,0.1291159},
{0.9175071,0.3418670,-0.2032430},
{0.1448756,0.1970169,0.9696367},
{0.3862729,-0.9134752,0.1278917},
{0.9109359,0.3560160,-0.2084425},
{0.1397033,0.1991286,0.9699643},
{0.3928177,-0.9103370,0.1303102},
{0.9089429,0.3628144,-0.2053983},
{0.1342020,0.2000789,0.9705453},
{0.3991294,-0.9073629,0.1318642},
{0.9070201,0.3696768,-0.2016273},
{0.1285632,0.2022816,0.9708520},
{0.4052247,-0.9042334,0.1347402},
{0.9051323,0.3760906,-0.1982206},
{0.1250395,0.2037699,0.9710010},
{0.4109102,-0.9014360,0.1362568},
{0.9030603,0.3819568,-0.1964462},
{0.1209192,0.2059960,0.9710531},
{0.4174392,-0.8980827,0.1385352},
{0.9006237,0.3886041,-0.1945862},
{0.1176292,0.2080938,0.9710100},
{0.4234009,-0.8949799,0.1405089},
{0.8982734,0.3945985,-0.1933828},
{0.1148241,0.2103317,0.9708635},
{0.4280783,-0.8924036,0.1427050},
{0.8964175,0.3992196,-0.1925079},
{0.1114015,0.2111596,0.9710825},
{0.4325005,-0.8900719,0.1439281},
{0.8947251,0.4039599,-0.1904820},
{0.0000000,0.0000000,0.0000000},
{0.0000000,0.0000000,0.0000000},
{0.0000000,0.0000000,0.0000000}
};
xyzEulersCh2 = {
{0.5891363,1.9319437,2.4172967},
{0.6051263,1.9322457,2.3999233},
{0.6232740,1.9335289,2.3814967},
{0.6408186,1.9330751,2.3625033},
{0.6607297,1.9335932,2.3416890},
{0.6806037,1.9345389,2.3211608},
{0.7050419,1.9362435,2.2972947},
{0.7389867,1.9385514,2.2630327},
{0.7615296,1.9436139,2.2385587},
{0.7769966,1.9523316,2.2213376},
{0.8620330,1.9518309,2.1398820},
{0.9090051,1.9577183,2.0955278},
{0.8696277,1.9526793,2.1341148},
{0.8566980,1.9524879,2.1354215},
{0.8757539,1.9566716,2.1145073},
{0.8938632,1.9607549,2.0938826},
{0.9160872,1.9653712,2.0706122},
{0.9296317,1.9695116,2.0540244},
{0.9516155,1.9735326,2.0307164},
{0.9713374,1.9771267,2.0083709},
{0.9940312,1.9730779,1.9829403},
{1.0155307,1.9755498,1.9594452},
{1.0344240,1.9798262,1.9378986},
{1.0411170,1.9960455,1.9296197},
{1.0556573,2.0008510,1.9124904},
{1.0714800,2.0054400,1.8951577},
{1.0857393,2.0099019,1.8780154},
{1.0957622,2.0147506,1.8661922},
{1.1065638,2.0203901,1.8527484},
{1.1151202,2.0257682,1.8417822},
{1.1214813,2.0299734,1.8328592},
{1.1301773,2.0337773,1.8228920}
};
rMatsChInChF2 = {
{0.9507103,-0.1615940,0.2646456},
{0.0992107,0.9671297,0.2341312},
{-0.2937808,-0.1963353,0.9354920},
{0.9515093,-0.1632218,0.2607464},
{0.1002213,0.9658623,0.2388843},
{-0.2908363,-0.2011682,0.9353853},
{0.9523617,-0.1639227,0.2571703},
{0.0999930,0.9644861,0.2444749},
{-0.2881122,-0.2071133,0.9349307},
{0.9534330,-0.1654428,0.2521789},
{0.1012720,0.9631898,0.2490169},
{-0.2840942,-0.2118823,0.9350916},
{0.9545214,-0.1665589,0.2472791},
{0.1018614,0.9616777,0.2545590},
{-0.2802019,-0.2177938,0.9349079},
{0.9555649,-0.1674479,0.2426045},
{0.1021789,0.9601255,0.2602278},
{-0.2765054,-0.2238754,0.9345719},
{0.9569128,-0.1672337,0.2373832},
{0.1012130,0.9583296,0.2671336},
{-0.2721651,-0.2315973,0.9339641},
{0.9587313,-0.1678646,0.2294684},
{0.1010744,0.9556066,0.2767671},
{-0.2657409,-0.2421519,0.9331368},
{0.9592166,-0.1703852,0.2255491},
{0.1019917,0.9527847,0.2860053},
{-0.2636308,-0.2513369,0.9313048},
{0.9587057,-0.1733018,0.2254990},
{0.1019701,0.9496371,0.2962964},
