(* /home/sara/Dropbox/Reaching Study/Gilwoo_Automated_v2/csv_only_manual_inspection/2016_12_14_study_4_Part10_1/2016_12_14_study_4_Part10_1_48217_48457_clean_phase2.csv*)
inPtsRPi2 = {
{0.3970000,0.7819000,0.1505000},
{0.3864000,0.7821000,0.1538000},
{0.3759000,0.7822000,0.1570000},
{0.3654000,0.7822000,0.1598000},
{0.3550000,0.7822000,0.1623000},
{0.3446000,0.7821000,0.1646000},
{0.3344000,0.7820000,0.1666000},
{0.3244000,0.7818000,0.1684000},
{0.3145000,0.7815000,0.1702000},
{0.3048000,0.7811000,0.1719000},
{0.2953000,0.7806000,0.1734000},
{0.2859000,0.7799000,0.1748000},
{0.2769000,0.7794000,0.1756000},
{0.2680000,0.7788000,0.1763000},
{0.2594000,0.7782000,0.1766000},
{0.2510000,0.7777000,0.1766000},
{0.2428000,0.7771000,0.1766000},
{0.2349000,0.7764000,0.1765000},
{0.2272000,0.7756000,0.1763000},
{0.2198000,0.7749000,0.1761000},
{0.2127000,0.7743000,0.1758000},
{0.2058000,0.7737000,0.1752000},
{0.1993000,0.7732000,0.1745000},
{0.1930000,0.7727000,0.1736000},
{0.1870000,0.7723000,0.1726000},
{0.1812000,0.7718000,0.1716000},
{0.1756000,0.7712000,0.1707000},
{0.1704000,0.7708000,0.1698000},
{0.1653000,0.7703000,0.1689000},
{0.1605000,0.7699000,0.1681000},
{0.1561000,0.7693000,0.1673000}
};
inPtsRTh2 = {
{0.4047000,0.7354000,0.1752000},
{0.3940000,0.7352000,0.1779000},
{0.3833000,0.7350000,0.1805000},
{0.3726000,0.7348000,0.1828000},
{0.3619000,0.7345000,0.1850000},
{0.3513000,0.7343000,0.1870000},
{0.3408000,0.7341000,0.1888000},
{0.3305000,0.7336000,0.1904000},
{0.3202000,0.7333000,0.1919000},
{0.3104000,0.7326000,0.1929000},
{0.3008000,0.7322000,0.1936000},
{0.2914000,0.7312000,0.1942000},
{0.2821000,0.7303000,0.1948000},
{0.2730000,0.7295000,0.1952000},
{0.2641000,0.7289000,0.1954000},
{0.2553000,0.7283000,0.1955000},
{0.2468000,0.7276000,0.1952000},
{0.2385000,0.7267000,0.1946000},
{0.2306000,0.7257000,0.1937000},
{0.2231000,0.7247000,0.1927000},
{0.2158000,0.7238000,0.1915000},
{0.2089000,0.7230000,0.1904000},
{0.2022000,0.7224000,0.1892000},
{0.1958000,0.7218000,0.1881000},
{0.1896000,0.7212000,0.1870000},
{0.1836000,0.7207000,0.1858000},
{0.1779000,0.7201000,0.1846000},
{0.1725000,0.7196000,0.1834000},
{0.1673000,0.7190000,0.1823000},
{0.1625000,0.7185000,0.1812000},
{0.1579000,0.7179000,0.1802000}
};
inPtsRW2 = {
{0.4433000,0.7926000,0.1713000},
{0.4332000,0.7920000,0.1742000},
{0.4229000,0.7914000,0.1771000},
{0.4126000,0.7910000,0.1798000},
{0.4022000,0.7905000,0.1822000},
{0.3919000,0.7900000,0.1845000},
{0.3818000,0.7894000,0.1865000},
{0.3718000,0.7887000,0.1884000},
{0.3619000,0.7879000,0.1902000},
{0.3522000,0.7870000,0.1919000},
{0.3427000,0.7859000,0.1935000},
{0.3334000,0.7849000,0.1948000},
{0.3242000,0.7839000,0.1960000},
{0.3153000,0.7830000,0.1969000},
{0.3064000,0.7820000,0.1977000},
{0.2981000,0.7813000,0.1981000},
{0.2898000,0.7803000,0.1984000},
{0.2818000,0.7792000,0.1986000},
{0.2741000,0.7780000,0.1988000},
{0.2666000,0.7768000,0.1988000},
{0.2594000,0.7757000,0.1986000},
{0.2525000,0.7747000,0.1982000},
{0.2458000,0.7738000,0.1977000},
{0.2395000,0.7730000,0.1971000},
{0.2334000,0.7723000,0.1964000},
{0.2275000,0.7715000,0.1958000},
{0.2220000,0.7709000,0.1951000},
{0.2166000,0.7701000,0.1944000},
{0.2116000,0.7694000,0.1937000},
{0.2069000,0.7687000,0.1929000},
{0.2024000,0.7680000,0.1922000}
};
inPtsRLA2 = {
{0.5316000,0.8515000,0.1674000},
{0.5218000,0.8505000,0.1701000},
{0.5120000,0.8496000,0.1730000},
{0.5021000,0.8485000,0.1759000},
{0.4923000,0.8474000,0.1787000},
{0.4825000,0.8462000,0.1816000},
{0.4727000,0.8450000,0.1842000},
{0.4631000,0.8437000,0.1868000},
{0.4536000,0.8424000,0.1892000},
{0.4443000,0.8410000,0.1916000},
{0.4351000,0.8396000,0.1939000},
{0.4261000,0.8381000,0.1962000},
{0.4173000,0.8365000,0.1985000},
{0.4088000,0.8349000,0.2006000},
{0.4005000,0.8333000,0.2027000},
{0.3924000,0.8317000,0.2045000},
{0.3845000,0.8301000,0.2061000},
{0.3768000,0.8285000,0.2075000},
{0.3693000,0.8269000,0.2088000},
{0.3619000,0.8252000,0.2099000},
{0.3549000,0.8236000,0.2109000},
{0.3481000,0.8219000,0.2118000},
{0.3417000,0.8204000,0.2126000},
{0.3355000,0.8189000,0.2132000},
{0.3297000,0.8175000,0.2136000},
{0.3240000,0.8161000,0.2138000},
{0.3186000,0.8149000,0.2139000},
{0.3135000,0.8138000,0.2139000},
{0.3086000,0.8126000,0.2137000},
{0.3040000,0.8116000,0.2135000},
{0.2996000,0.8105000,0.2131000}
};
inPtsREl2 = {
{0.6379000,0.9082000,0.1606000},
{0.6282000,0.9068000,0.1623000},
{0.6184000,0.9054000,0.1644000},
{0.6086000,0.9039000,0.1666000},
{0.5988000,0.9024000,0.1690000},
{0.5889000,0.9009000,0.1715000},
{0.5793000,0.8994000,0.1741000},
{0.5699000,0.8978000,0.1768000},
{0.5604000,0.8960000,0.1794000},
{0.5512000,0.8942000,0.1821000},
{0.5422000,0.8924000,0.1847000},
{0.5333000,0.8906000,0.1874000},
{0.5245000,0.8888000,0.1901000},
{0.5159000,0.8870000,0.1928000},
{0.5074000,0.8852000,0.1955000},
{0.4993000,0.8834000,0.1981000},
{0.4915000,0.8815000,0.2007000},
{0.4839000,0.8796000,0.2031000},
{0.4765000,0.8776000,0.2054000},
{0.4692000,0.8756000,0.2074000},
{0.4622000,0.8735000,0.2093000},
{0.4554000,0.8715000,0.2110000},
{0.4490000,0.8696000,0.2126000},
{0.4430000,0.8678000,0.2141000},
{0.4372000,0.8661000,0.2153000},
{0.4316000,0.8644000,0.2163000},
{0.4262000,0.8627000,0.2169000},
{0.4212000,0.8611000,0.2173000},
{0.4164000,0.8596000,0.2174000},
{0.4118000,0.8581000,0.2174000},
{0.4075000,0.8567000,0.2173000}
};
inPtsRUA2 = {
{0.6807000,0.9091000,0.3081000},
{0.6749000,0.9080000,0.3086000},
{0.6689000,0.9068000,0.3091000},
{0.6627000,0.9057000,0.3098000},
{0.6564000,0.9045000,0.3105000},
{0.6500000,0.9033000,0.3114000},
{0.6435000,0.9021000,0.3124000},
{0.6368000,0.9009000,0.3133000},
{0.6301000,0.8996000,0.3144000},
{0.6232000,0.8982000,0.3155000},
{0.6163000,0.8967000,0.3167000},
{0.6095000,0.8951000,0.3180000},
{0.6026000,0.8933000,0.3192000},
{0.5958000,0.8916000,0.3204000},
{0.5891000,0.8898000,0.3216000},
{0.5825000,0.8880000,0.3227000},
{0.5760000,0.8862000,0.3237000},
{0.5695000,0.8845000,0.3249000},
{0.5631000,0.8824000,0.3257000},
{0.5569000,0.8805000,0.3265000},
{0.5510000,0.8783000,0.3271000},
{0.5453000,0.8763000,0.3276000},
{0.5399000,0.8744000,0.3281000},
{0.5347000,0.8725000,0.3284000},
{0.5296000,0.8707000,0.3285000},
{0.5247000,0.8688000,0.3284000},
{0.5198000,0.8672000,0.3284000},
{0.5152000,0.8654000,0.3280000},
{0.5106000,0.8640000,0.3277000},
{0.5063000,0.8624000,0.3273000},
{0.5021000,0.8609000,0.3268000}
};
inPtsRSh2 = {
{0.6914000,0.8500000,0.4672000},
{0.6886000,0.8492000,0.4672000},
{0.6857000,0.8483000,0.4672000},
{0.6826000,0.8473000,0.4672000},
{0.6794000,0.8463000,0.4671000},
{0.6761000,0.8453000,0.4671000},
{0.6729000,0.8443000,0.4671000},
{0.6694000,0.8431000,0.4671000},
{0.6659000,0.8419000,0.4670000},
{0.6623000,0.8405000,0.4669000},
{0.6586000,0.8390000,0.4667000},
{0.6548000,0.8374000,0.4666000},
{0.6510000,0.8358000,0.4663000},
{0.6468000,0.8340000,0.4661000},
{0.6429000,0.8324000,0.4657000},
{0.6392000,0.8307000,0.4656000},
{0.6352000,0.8290000,0.4650000},
{0.6311000,0.8273000,0.4644000},
{0.6272000,0.8255000,0.4638000},
{0.6232000,0.8239000,0.4631000},
{0.6188000,0.8216000,0.4624000},
{0.6147000,0.8201000,0.4617000},
{0.6106000,0.8186000,0.4608000},
{0.6065000,0.8171000,0.4600000},
{0.6025000,0.8156000,0.4591000},
{0.5985000,0.8141000,0.4582000},
{0.5946000,0.8126000,0.4573000},
{0.5907000,0.8111000,0.4563000},
{0.5868000,0.8095000,0.4553000},
{0.5830000,0.8081000,0.4543000},
{0.5793000,0.8067000,0.4532000}
};
inPtsRCh2 = {
{0.6843000,0.7370000,0.4111000},
{0.6823000,0.7364000,0.4108000},
{0.6802000,0.7357000,0.4104000},
{0.6781000,0.7350000,0.4100000},
{0.6757000,0.7343000,0.4096000},
{0.6731000,0.7334000,0.4093000},
{0.6704000,0.7325000,0.4089000},
{0.6675000,0.7316000,0.4085000},
{0.6640000,0.7300000,0.4080000},
{0.6607000,0.7284000,0.4077000},
{0.6575000,0.7265000,0.4073000},
{0.6575000,0.7265000,0.4073000},
{0.6558000,0.7277000,0.4053000},
{0.6530000,0.7268000,0.4046000},
{0.6503000,0.7259000,0.4038000},
{0.6476000,0.7251000,0.4030000},
{0.6449000,0.7243000,0.4021000},
{0.6421000,0.7234000,0.4013000},
{0.6393000,0.7226000,0.4003000},
{0.6365000,0.7217000,0.3994000},
{0.6336000,0.7207000,0.3984000},
{0.6309000,0.7199000,0.3974000},
{0.6282000,0.7192000,0.3963000},
{0.6254000,0.7183000,0.3953000},
{0.6227000,0.7175000,0.3941000},
{0.6200000,0.7168000,0.3930000},
{0.6174000,0.7160000,0.3919000},
{0.6147000,0.7151000,0.3908000},
{0.6121000,0.7143000,0.3897000},
{0.6095000,0.7135000,0.3887000},
{0.6070000,0.7126000,0.3877000}
};
inPtsMCh2 = {
{0.6817000,0.6613000,0.3454000},
{0.6805000,0.6608000,0.3448000},
{0.6792000,0.6603000,0.3443000},
{0.6778000,0.6598000,0.3438000},
{0.6765000,0.6593000,0.3432000},
{0.6749000,0.6587000,0.3426000},
{0.6731000,0.6580000,0.3423000},
{0.6707000,0.6571000,0.3420000},
{0.6702000,0.6568000,0.3411000},
{0.6686000,0.6562000,0.3404000},
{0.6670000,0.6556000,0.3396000},
{0.6653000,0.6550000,0.3389000},
{0.6636000,0.6544000,0.3381000},
{0.6617000,0.6537000,0.3373000},
{0.6599000,0.6531000,0.3365000},
{0.6580000,0.6525000,0.3357000},
{0.6562000,0.6519000,0.3349000},
{0.6543000,0.6513000,0.3340000},
{0.6524000,0.6507000,0.3332000},
{0.6505000,0.6500000,0.3322000},
{0.6486000,0.6494000,0.3313000},
{0.6467000,0.6488000,0.3303000},
{0.6448000,0.6481000,0.3294000},
{0.6429000,0.6474000,0.3285000},
{0.6410000,0.6468000,0.3275000},
{0.6390000,0.6460000,0.3266000},
{0.6371000,0.6453000,0.3257000},
{0.6352000,0.6446000,0.3248000},
{0.6333000,0.6439000,0.3238000},
{0.6317000,0.6431000,0.3229000},
{0.6299000,0.6424000,0.3220000}
};
inPtsLCh2 = {
{0.7239000,0.6035000,0.4301000},
{0.7228000,0.6032000,0.4297000},
{0.7215000,0.6030000,0.4293000},
{0.7202000,0.6028000,0.4288000},
{0.7189000,0.6025000,0.4283000},
{0.7176000,0.6021000,0.4279000},
{0.7162000,0.6018000,0.4277000},
{0.7147000,0.6015000,0.4272000},
{0.7132000,0.6012000,0.4267000},
{0.7116000,0.6010000,0.4262000},
{0.7100000,0.6007000,0.4257000},
{0.7083000,0.6004000,0.4251000},
{0.7066000,0.6002000,0.4246000},
{0.7045000,0.5998000,0.4247000},
{0.7031000,0.5997000,0.4234000},
{0.7012000,0.5995000,0.4228000},
{0.6993000,0.5993000,0.4222000},
{0.6975000,0.5990000,0.4216000},
{0.6955000,0.5989000,0.4209000},
{0.6935000,0.5986000,0.4203000},
{0.6915000,0.5984000,0.4197000},
{0.6896000,0.5981000,0.4190000},
{0.6875000,0.5978000,0.4184000},
{0.6855000,0.5975000,0.4177000},
{0.6834000,0.5973000,0.4170000},
{0.6815000,0.5969000,0.4164000},
{0.6795000,0.5966000,0.4157000},
{0.6775000,0.5963000,0.4150000},
{0.6756000,0.5960000,0.4144000},
{0.6737000,0.5956000,0.4137000},
{0.6718000,0.5953000,0.4131000}
};
inPtsLSh2 = {
{0.4131000,0.5354000,0.3046000},
{0.4131000,0.5354000,0.3046000},
{0.4131000,0.5354000,0.3046000},
{0.4131000,0.5354000,0.3046000},
{0.4131000,0.5354000,0.3046000},
{0.4131000,0.5354000,0.3046000},
{0.4131000,0.5354000,0.3046000},
{0.4131000,0.5354000,0.3046000},
{0.4131000,0.5354000,0.3046000},
{0.4131000,0.5354000,0.3046000},
{0.4131000,0.5354000,0.3046000},
{0.4131000,0.5354000,0.3046000},
{0.4131000,0.5354000,0.3046000},
{0.4131000,0.5354000,0.3046000},
{0.4131000,0.5354000,0.3046000},
{0.4131000,0.5354000,0.3046000},
{0.4131000,0.5354000,0.3046000},
{0.4131000,0.5354000,0.3046000},
{0.4131000,0.5354000,0.3046000},
{0.4131000,0.5354000,0.3046000},
{0.4131000,0.5354000,0.3046000},
{0.4131000,0.5354000,0.3046000},
{0.4131000,0.5354000,0.3046000},
{0.4131000,0.5354000,0.3046000},
{0.4131000,0.5354000,0.3046000},
{0.4131000,0.5354000,0.3046000},
{0.4131000,0.5354000,0.3046000},
{0.4131000,0.5354000,0.3046000},
{0.4131000,0.5354000,0.3046000},
{0.4131000,0.5354000,0.3046000},
{0.4131000,0.5354000,0.3046000}
};
inPtsEeWam2 = {
{0.2709999,0.8277879,-0.1250759},
{0.2553016,0.8281602,-0.1194823},
{0.2394676,0.8286584,-0.1142032},
{0.2236242,0.8292346,-0.1092976},
{0.2079263,0.8297271,-0.1050633},
{0.1923077,0.8300163,-0.1007499},
{0.1773220,0.8302448,-0.0968945},
{0.1628064,0.8305228,-0.0933037},
{0.1482743,0.8303930,-0.0895522},
{0.1340501,0.8305463,-0.0855584},
{0.1205901,0.8306152,-0.0816509},
{0.1070029,0.8306603,-0.0779948},
{0.0940169,0.8305948,-0.0751283},
{0.0814938,0.8307284,-0.0727607},
{0.0692374,0.8306082,-0.0706768},
{0.0577205,0.8305924,-0.0689891},
{0.0464286,0.8307256,-0.0676784},
{0.0356795,0.8307053,-0.0662968},
{0.0251992,0.8305614,-0.0644765},
{0.0149447,0.8301641,-0.0626705},
{0.0052855,0.8304889,-0.0613749},
{-0.0040160,0.8300402,-0.0605098},
{-0.0127897,0.8299499,-0.0601388},
{-0.0208337,0.8299504,-0.0603028},
{-0.0284837,0.8300318,-0.0605674},
{-0.0356494,0.8299902,-0.0606541},
{-0.0426972,0.8298910,-0.0606266},
{-0.0488969,0.8298958,-0.0607346},
{-0.0547444,0.8299249,-0.0608832},
{-0.0603535,0.8297633,-0.0610684},
{-0.0656235,0.8296322,-0.0615105}
};
inPtsRPiWam2 = {
{0.2412876,0.7710713,-0.1164922},
{0.2250289,0.7717164,-0.1112343},
{0.2087434,0.7724327,-0.1063540},
{0.1925996,0.7730606,-0.1018202},
{0.1765624,0.7737683,-0.0978766},
{0.1606097,0.7741999,-0.0938630},
{0.1451590,0.7746841,-0.0902299},
{0.1302752,0.7752188,-0.0870180},
{0.1152620,0.7753169,-0.0835367},
{0.1008465,0.7755449,-0.0802980},
{0.0870056,0.7757241,-0.0772515},
{0.0734036,0.7756851,-0.0743089},
{0.0601534,0.7759050,-0.0721354},
{0.0474426,0.7761385,-0.0702555},
{0.0348900,0.7762668,-0.0687735},
{0.0230331,0.7763994,-0.0672683},
{0.0114523,0.7767128,-0.0665313},
{0.0004471,0.7768085,-0.0658779},
{-0.0101935,0.7767039,-0.0650660},
{-0.0205388,0.7764295,-0.0642980},
{-0.0303068,0.7768684,-0.0640156},
{-0.0397043,0.7765741,-0.0638919},
{-0.0486166,0.7766587,-0.0642414},
{-0.0568139,0.7768194,-0.0648924},
{-0.0646098,0.7771079,-0.0655649},
{-0.0719554,0.7772260,-0.0661996},
{-0.0789995,0.7770140,-0.0665227},
{-0.0853635,0.7772666,-0.0671788},
{-0.0913264,0.7773778,-0.0676687},
{-0.0970662,0.7773681,-0.0681919},
{-0.1023979,0.7772674,-0.0688799}
};
inPtsRThWam2 = {
{0.2613324,0.7337920,-0.0890479},
{0.2449935,0.7338278,-0.0844855},
{0.2286020,0.7340154,-0.0801778},
{0.2122892,0.7343755,-0.0761418},
{0.1961197,0.7347050,-0.0724341},
{0.1799517,0.7348747,-0.0686914},
{0.1642023,0.7350617,-0.0652373},
{0.1490943,0.7352044,-0.0621579},
{0.1337131,0.7350547,-0.0589058},
{0.1192137,0.7348091,-0.0562502},
{0.1050444,0.7345640,-0.0538625},
{0.0914805,0.7342191,-0.0516624},
{0.0779829,0.7339488,-0.0495202},
{0.0650693,0.7339556,-0.0478720},
{0.0521156,0.7337776,-0.0462982},
{0.0398152,0.7339154,-0.0447012},
{0.0278889,0.7339745,-0.0441528},
{0.0165335,0.7338361,-0.0438600},
{0.0055855,0.7334689,-0.0436266},
{-0.0048902,0.7327476,-0.0435014},
{-0.0147927,0.7327936,-0.0439521},
{-0.0243144,0.7321615,-0.0442616},
{-0.0334389,0.7319551,-0.0449638},
{-0.0418732,0.7319303,-0.0457814},
{-0.0498953,0.7319905,-0.0464807},
{-0.0575848,0.7319794,-0.0472458},
{-0.0647579,0.7319037,-0.0478502},
{-0.0713532,0.7318671,-0.0486960},
{-0.0774955,0.7319206,-0.0493922},
{-0.0833223,0.7317263,-0.0502353},
{-0.0887924,0.7316272,-0.0510463}
};
inPtsRWWam2 = {
{0.2948413,0.7834477,-0.0924335},
{0.2790248,0.7831386,-0.0876976},
{0.2630380,0.7830605,-0.0831344},
{0.2470483,0.7832120,-0.0787487},
{0.2311377,0.7833653,-0.0748671},
{0.2152705,0.7833293,-0.0708662},
{0.1999169,0.7832328,-0.0672408},
{0.1850651,0.7831946,-0.0638998},
{0.1701197,0.7827239,-0.0603900},
{0.1557671,0.7823810,-0.0571247},
{0.1419540,0.7818681,-0.0539506},
{0.1284433,0.7814788,-0.0511343},
{0.1150387,0.7811267,-0.0484640},
{0.1022706,0.7810069,-0.0463770},
{0.0894788,0.7806803,-0.0442666},
{0.0774839,0.7805612,-0.0424129},
{0.0657788,0.7804116,-0.0413331},
{0.0546441,0.7800441,-0.0403394},
{0.0438458,0.7794692,-0.0391409},
{0.0334100,0.7786197,-0.0381306},
{0.0235909,0.7784842,-0.0377016},
{0.0141118,0.7777265,-0.0373872},
{0.0050685,0.7773514,-0.0374566},
{-0.0032648,0.7771649,-0.0378300},
{-0.0112232,0.7771079,-0.0381812},
{-0.0187817,0.7768815,-0.0384068},
{-0.0258953,0.7766707,-0.0385972},
{-0.0324080,0.7764642,-0.0389818},
{-0.0384436,0.7763498,-0.0393428},
{-0.0441640,0.7759999,-0.0399166},
{-0.0495712,0.7757841,-0.0404698}
};
inPtsRLAWam2 = {
{0.5524773,0.9364935,-0.1065995},
{0.5371938,0.9351273,-0.1034526},
{0.5217886,0.9339432,-0.0999433},
{0.5065639,0.9326983,-0.0962263},
{0.4914205,0.9315120,-0.0923428},
{0.4762624,0.9302532,-0.0880890},
{0.4616140,0.9289882,-0.0836714},
{0.4475037,0.9277279,-0.0792673},
{0.4332845,0.9260393,-0.0747083},
{0.4196350,0.9245249,-0.0701192},
{0.4064046,0.9230410,-0.0656156},
{0.3935088,0.9216359,-0.0609467},
{0.3807081,0.9202616,-0.0562895},
{0.3685612,0.9190638,-0.0518196},
{0.3563450,0.9176982,-0.0471876},
{0.3450095,0.9163185,-0.0424129},
{0.3339066,0.9149408,-0.0382756},
{0.3232636,0.9134900,-0.0343583},
{0.3129045,0.9118716,-0.0303673},
{0.3028598,0.9100197,-0.0266929},
{0.2935057,0.9086502,-0.0234605},
{0.2844383,0.9066945,-0.0203336},
{0.2758284,0.9050029,-0.0176027},
{0.2678991,0.9034860,-0.0151775},
{0.2603356,0.9020943,-0.0129974},
{0.2531303,0.9006474,-0.0110957},
{0.2464383,0.8991008,-0.0095234},
{0.2402801,0.8977478,-0.0084610},
{0.2345805,0.8965977,-0.0077477},
{0.2291666,0.8952569,-0.0072343},
{0.2240612,0.8941225,-0.0069829}
};
inPtsRElWam2 = {
{0.5598641,0.9280930,-0.0630120},
{0.5449626,0.9264365,-0.0599886},
{0.5298755,0.9249024,-0.0566089},
{0.5148959,0.9232854,-0.0530178},
{0.4999108,0.9216774,-0.0492592},
{0.4848786,0.9199831,-0.0451322},
{0.4702822,0.9182533,-0.0408389},
{0.4561756,0.9165228,-0.0365561},
{0.4419501,0.9143822,-0.0321170},
{0.4282614,0.9123935,-0.0276526},
{0.4149986,0.9104407,-0.0232791},
{0.4020028,0.9085265,-0.0187448},
{0.3890873,0.9066276,-0.0142311},
{0.3767670,0.9048885,-0.0099063},
{0.3643649,0.9029681,-0.0054299},
{0.3527723,0.9010209,-0.0008109},
{0.3413926,0.8990788,0.0031654},
{0.3304904,0.8970926,0.0069201},
{0.3198919,0.8949486,0.0107397},
{0.3096077,0.8926182,0.0142540},
{0.2999922,0.8907391,0.0173086},
{0.2906279,0.8883491,0.0202883},
{0.2817115,0.8862297,0.0228690},
{0.2734658,0.8843050,0.0251475},
{0.2656126,0.8825327,0.0271834},
{0.2581607,0.8807577,0.0289555},
{0.2512326,0.8789496,0.0304259},
{0.2448809,0.8773732,0.0313976},
{0.2390329,0.8760366,0.0320319},
{0.2334562,0.8745409,0.0324828},
{0.2282237,0.8732744,0.0326786}
};
inPtsRUAWam2 = {
{0.5984675,0.9510967,-0.0653815},
{0.5835123,0.9494161,-0.0632840},
{0.5683413,0.9478718,-0.0608269},
{0.5532730,0.9462177,-0.0581473},
{0.5381580,0.9446086,-0.0552850},
{0.5229556,0.9429471,-0.0520453},
{0.5081553,0.9412811,-0.0486071},
{0.4938392,0.9396144,-0.0451142},
{0.4793725,0.9375506,-0.0414864},
{0.4654307,0.9356565,-0.0377659},
{0.4518951,0.9338286,-0.0340800},
{0.4386105,0.9320608,-0.0301911},
{0.4253849,0.9303265,-0.0263079},
{0.4127695,0.9287564,-0.0225214},
{0.4000279,0.9270395,-0.0186103},
{0.3881069,0.9252862,-0.0145101},
{0.3763961,0.9235526,-0.0110046},
{0.3651650,0.9217864,-0.0076708},
{0.3542261,0.9198725,-0.0042588},
{0.3436048,0.9177641,-0.0011370},
{0.3337150,0.9160822,0.0016401},
{0.3240497,0.9138817,0.0042862},
{0.3148567,0.9119348,0.0065704},
{0.3063655,0.9101692,0.0086051},
{0.2982863,0.9085388,0.0104170},
{0.2906317,0.9068847,0.0119847},
{0.2835436,0.9051411,0.0132504},
{0.2770639,0.9036180,0.0140638},
{0.2711256,0.9023127,0.0145785},
{0.2654623,0.9008388,0.0149035},
{0.2601645,0.8995799,0.0149924}
};
inPtsRShWam2 = {
{0.6914000,0.8500000,0.4672000},
{0.6886000,0.8492000,0.4672000},
{0.6857000,0.8483000,0.4672000},
{0.6826000,0.8473000,0.4672000},
{0.6794000,0.8463000,0.4671000},
{0.6761000,0.8453000,0.4671000},
{0.6729000,0.8443000,0.4671000},
{0.6694000,0.8431000,0.4671000},
{0.6659000,0.8419000,0.4670000},
{0.6623000,0.8405000,0.4669000},
{0.6586000,0.8390000,0.4667000},
{0.6548000,0.8374000,0.4666000},
{0.6510000,0.8358000,0.4663000},
{0.6468000,0.8340000,0.4661000},
{0.6429000,0.8324000,0.4657000},
{0.6392000,0.8307000,0.4656000},
{0.6352000,0.8290000,0.4650000},
{0.6311000,0.8273000,0.4644000},
{0.6272000,0.8255000,0.4638000},
{0.6232000,0.8239000,0.4631000},
{0.6188000,0.8216000,0.4624000},
{0.6147000,0.8201000,0.4617000},
{0.6106000,0.8186000,0.4608000},
{0.6065000,0.8171000,0.4600000},
{0.6025000,0.8156000,0.4591000},
{0.5985000,0.8141000,0.4582000},
{0.5946000,0.8126000,0.4573000},
{0.5907000,0.8111000,0.4563000},
{0.5868000,0.8095000,0.4553000},
{0.5830000,0.8081000,0.4543000},
{0.5793000,0.8067000,0.4532000}
};
shoToUaVsWam2 = {
{-0.0929325,0.1010967,-0.5325815},
{-0.1050877,0.1002161,-0.5304840},
{-0.1173587,0.0995718,-0.5280269},
{-0.1293270,0.0989177,-0.5253473},
{-0.1412420,0.0983086,-0.5223850},
{-0.1531444,0.0976471,-0.5191453},
{-0.1647447,0.0969811,-0.5157071},
{-0.1755608,0.0965144,-0.5122142},
{-0.1865275,0.0956506,-0.5084864},
{-0.1968693,0.0951565,-0.5046659},
{-0.2067049,0.0948286,-0.5007800},
{-0.2161895,0.0946608,-0.4967911},
{-0.2256151,0.0945265,-0.4926079},
{-0.2340305,0.0947564,-0.4886214},
{-0.2428721,0.0946395,-0.4843103},
{-0.2510931,0.0945862,-0.4801101},
{-0.2588039,0.0945526,-0.4760046},
{-0.2659350,0.0944864,-0.4720708},
{-0.2729739,0.0943725,-0.4680588},
{-0.2795952,0.0938641,-0.4642370},
{-0.2850850,0.0944822,-0.4607599},
{-0.2906503,0.0937817,-0.4574138},
{-0.2957433,0.0933348,-0.4542296},
{-0.3001345,0.0930692,-0.4513949},
{-0.3042137,0.0929388,-0.4486830},
{-0.3078683,0.0927847,-0.4462153},
{-0.3110564,0.0925411,-0.4440496},
{-0.3136361,0.0925180,-0.4422362},
{-0.3156744,0.0928127,-0.4407215},
{-0.3175377,0.0927388,-0.4393965},
{-0.3191355,0.0928799,-0.4382076}
};
elOffsetVsWam2 = {
{-0.0386033,-0.0230036,0.0023694},
{-0.0385497,-0.0229796,0.0032954},
{-0.0384658,-0.0229694,0.0042180},
{-0.0383770,-0.0229323,0.0051295},
{-0.0382472,-0.0229312,0.0060258},
{-0.0380771,-0.0229640,0.0069131},
{-0.0378731,-0.0230279,0.0077682},
{-0.0376635,-0.0230915,0.0085581},
{-0.0374224,-0.0231684,0.0093694},
{-0.0371693,-0.0232630,0.0101134},
{-0.0368965,-0.0233878,0.0108009},
{-0.0366076,-0.0235343,0.0114463},
{-0.0362976,-0.0236989,0.0120768},
{-0.0360025,-0.0238679,0.0126152},
{-0.0356629,-0.0240714,0.0131805},
{-0.0353346,-0.0242652,0.0136992},
{-0.0350035,-0.0244737,0.0141700},
{-0.0346745,-0.0246938,0.0145909},
{-0.0343342,-0.0249240,0.0149986},
{-0.0339970,-0.0251459,0.0153911},
{-0.0337228,-0.0253431,0.0156685},
{-0.0334218,-0.0255326,0.0160021},
{-0.0331452,-0.0257051,0.0162985},
{-0.0328997,-0.0258642,0.0165424},
{-0.0326737,-0.0260061,0.0167664},
{-0.0324711,-0.0261270,0.0169708},
{-0.0323111,-0.0261916,0.0171755},
{-0.0321830,-0.0262449,0.0173338},
{-0.0320927,-0.0262762,0.0174534},
{-0.0320061,-0.0262979,0.0175793},
{-0.0319408,-0.0263056,0.0176861}
};
wOffsetVsWam2 = {
{-0.0073869,0.0084005,-0.0435875},
{-0.0077688,0.0086908,-0.0434640},
{-0.0080870,0.0090408,-0.0433343},
{-0.0083320,0.0094129,-0.0432085},
{-0.0084903,0.0098345,-0.0430836},
{-0.0086162,0.0102700,-0.0429568},
{-0.0086682,0.0107350,-0.0428325},
{-0.0086720,0.0112050,-0.0427112},
{-0.0086656,0.0116571,-0.0425913},
{-0.0086264,0.0121314,-0.0424666},
{-0.0085940,0.0126003,-0.0423365},
{-0.0084941,0.0131095,-0.0422018},
{-0.0083791,0.0136339,-0.0420584},
{-0.0082058,0.0141753,-0.0419133},
{-0.0080200,0.0147301,-0.0417577},
{-0.0077628,0.0152976,-0.0416019},
{-0.0074860,0.0158620,-0.0414410},
{-0.0072268,0.0163973,-0.0412783},
{-0.0069873,0.0169231,-0.0411070},
{-0.0067479,0.0174015,-0.0409469},
{-0.0064866,0.0179111,-0.0407691},
{-0.0061896,0.0183454,-0.0406219},
{-0.0058831,0.0187733,-0.0404716},
{-0.0055667,0.0191810,-0.0403250},
{-0.0052770,0.0195616,-0.0401808},
{-0.0050304,0.0198897,-0.0400512},
{-0.0047943,0.0201512,-0.0399493},
{-0.0046008,0.0203746,-0.0398586},
{-0.0044524,0.0205612,-0.0397796},
{-0.0042896,0.0207160,-0.0397171},
{-0.0041625,0.0208481,-0.0396615}
};
laToWrVsWam2 = {
{-0.2576360,-0.1530458,0.0141660},
{-0.2581690,-0.1519887,0.0157549},
{-0.2587506,-0.1508827,0.0168089},
{-0.2595157,-0.1494863,0.0174776},
{-0.2602828,-0.1481467,0.0174758},
{-0.2609919,-0.1469239,0.0172228},
{-0.2616972,-0.1457554,0.0164306},
{-0.2624385,-0.1445333,0.0153674},
{-0.2631647,-0.1433154,0.0143183},
{-0.2638679,-0.1421439,0.0129945},
{-0.2644506,-0.1411729,0.0116650},
{-0.2650654,-0.1401572,0.0098123},
{-0.2656694,-0.1391349,0.0078255},
{-0.2662906,-0.1380569,0.0054426},
{-0.2668662,-0.1370179,0.0029209},
{-0.2675256,-0.1357573,0.0000000},
{-0.2681279,-0.1345292,-0.0030575},
{-0.2686195,-0.1334458,-0.0059811},
{-0.2690588,-0.1324024,-0.0087737},
{-0.2694498,-0.1314000,-0.0114377},
{-0.2699148,-0.1301660,-0.0142411},
{-0.2703265,-0.1289680,-0.0170536},
{-0.2707599,-0.1276515,-0.0198539},
{-0.2711639,-0.1263211,-0.0226525},
{-0.2715588,-0.1249863,-0.0251838},
{-0.2719119,-0.1237659,-0.0273111},
{-0.2723336,-0.1224301,-0.0290738},
{-0.2726881,-0.1212835,-0.0305208},
{-0.2730241,-0.1202479,-0.0315951},
{-0.2733306,-0.1192570,-0.0326823},
{-0.2736324,-0.1183383,-0.0334869}
};
elToWrVsWam2 = {
{-0.2650228,-0.1446453,-0.0294214},
{-0.2659378,-0.1432980,-0.0277090},
{-0.2668376,-0.1418419,-0.0265255},
{-0.2678477,-0.1400734,-0.0257309},
{-0.2687731,-0.1383122,-0.0256078},
{-0.2696080,-0.1366538,-0.0257340},
{-0.2703654,-0.1350204,-0.0264019},
{-0.2711105,-0.1333282,-0.0273437},
{-0.2718303,-0.1316583,-0.0282730},
{-0.2724943,-0.1300125,-0.0294721},
{-0.2730446,-0.1285726,-0.0306715},
{-0.2735595,-0.1270477,-0.0323895},
{-0.2740486,-0.1255010,-0.0342329},
{-0.2744963,-0.1238816,-0.0364707},
{-0.2748862,-0.1222878,-0.0388368},
{-0.2752885,-0.1204597,-0.0416019},
{-0.2756138,-0.1186672,-0.0444985},
{-0.2758463,-0.1170485,-0.0472595},
{-0.2760461,-0.1154794,-0.0498807},
{-0.2761978,-0.1139985,-0.0523846},
{-0.2764014,-0.1122549,-0.0550101},
{-0.2765161,-0.1106226,-0.0576755},
{-0.2766430,-0.1088783,-0.0603256},
{-0.2767306,-0.1071401,-0.0629775},
{-0.2768358,-0.1054248,-0.0653646},
{-0.2769423,-0.1038762,-0.0673623},
{-0.2771279,-0.1022789,-0.0690231},
{-0.2772889,-0.1009089,-0.0703794},
{-0.2774765,-0.0996868,-0.0713746},
{-0.2776202,-0.0985410,-0.0723994},
{-0.2777948,-0.0974902,-0.0731484}
};
wrToEeVsWam2 = {
{-0.0238414,0.0443403,-0.0326424},
{-0.0237232,0.0450216,-0.0317847},
{-0.0235704,0.0455979,-0.0310688},
{-0.0234241,0.0460226,-0.0305489},
{-0.0232114,0.0463619,-0.0301962},
{-0.0229628,0.0466869,-0.0298838},
{-0.0225949,0.0470120,-0.0296537},
{-0.0222588,0.0473282,-0.0294039},
{-0.0218454,0.0476691,-0.0291622},
{-0.0217170,0.0481653,-0.0284336},
{-0.0213639,0.0487471,-0.0277002},
{-0.0214405,0.0491815,-0.0268604},
{-0.0210218,0.0494682,-0.0266643},
{-0.0207768,0.0497215,-0.0263837},
{-0.0202413,0.0499279,-0.0264101},
{-0.0197634,0.0500312,-0.0265762},
{-0.0193501,0.0503140,-0.0263453},
{-0.0189646,0.0506612,-0.0259574},
{-0.0186466,0.0510922,-0.0253356},
{-0.0184653,0.0515444,-0.0245399},
{-0.0183053,0.0520047,-0.0236733},
{-0.0181278,0.0523138,-0.0231226},
{-0.0178582,0.0525985,-0.0226822},
{-0.0175689,0.0527855,-0.0224729},
{-0.0172605,0.0529238,-0.0223862},
{-0.0168677,0.0531088,-0.0222472},
{-0.0168019,0.0532203,-0.0220294},
{-0.0164889,0.0534315,-0.0217528},
{-0.0163008,0.0535751,-0.0215404},
{-0.0161895,0.0537634,-0.0211518},
{-0.0160524,0.0538480,-0.0210407}
};
shoToElVsWam2 = {
{-0.1315359,0.0780930,-0.5302120},
{-0.1436374,0.0772365,-0.5271886},
{-0.1558245,0.0766024,-0.5238089},
{-0.1677041,0.0759854,-0.5202178},
{-0.1794892,0.0753774,-0.5163592},
{-0.1912214,0.0746831,-0.5122322},
{-0.2026178,0.0739533,-0.5079389},
{-0.2132244,0.0734228,-0.5036561},
{-0.2239499,0.0724822,-0.4991170},
{-0.2340386,0.0718935,-0.4945526},
{-0.2436014,0.0714407,-0.4899791},
{-0.2527972,0.0711265,-0.4853448},
{-0.2619127,0.0708276,-0.4805311},
{-0.2700330,0.0708885,-0.4760063},
{-0.2785351,0.0705681,-0.4711299},
{-0.2864277,0.0703209,-0.4664109},
{-0.2938074,0.0700788,-0.4618346},
{-0.3006096,0.0697926,-0.4574799},
{-0.3073081,0.0694486,-0.4530603},
{-0.3135923,0.0687182,-0.4488460},
{-0.3188078,0.0691391,-0.4450914},
{-0.3240721,0.0682491,-0.4414117},
{-0.3288885,0.0676297,-0.4379310},
{-0.3330342,0.0672050,-0.4348525},
{-0.3368874,0.0669327,-0.4319166},
{-0.3403393,0.0666577,-0.4292445},
{-0.3433674,0.0663496,-0.4268741},
{-0.3458191,0.0662732,-0.4249024},
{-0.3477671,0.0665366,-0.4232681},
{-0.3495438,0.0664409,-0.4218172},
{-0.3510763,0.0665744,-0.4205214}
};
shoToLaVsWam2 = {
{-0.1389227,0.0864935,-0.5737995},
{-0.1514062,0.0859273,-0.5706526},
{-0.1639114,0.0856432,-0.5671433},
{-0.1760361,0.0853983,-0.5634263},
{-0.1879795,0.0852120,-0.5594428},
{-0.1998376,0.0849532,-0.5551890},
{-0.2112860,0.0846882,-0.5507714},
{-0.2218963,0.0846279,-0.5463673},
{-0.2326155,0.0841393,-0.5417083},
{-0.2426650,0.0840249,-0.5370192},
{-0.2521954,0.0840410,-0.5323156},
{-0.2612912,0.0842359,-0.5275467},
{-0.2702919,0.0844616,-0.5225895},
{-0.2782388,0.0850638,-0.5179196},
{-0.2865550,0.0852982,-0.5128876},
{-0.2941905,0.0856185,-0.5080129},
{-0.3012934,0.0859408,-0.5032756},
{-0.3078364,0.0861900,-0.4987583},
{-0.3142955,0.0863716,-0.4941673},
{-0.3203402,0.0861197,-0.4897929},
{-0.3252943,0.0870502,-0.4858605},
{-0.3302617,0.0865945,-0.4820336},
{-0.3347716,0.0864029,-0.4784027},
{-0.3386009,0.0863860,-0.4751775},
{-0.3421644,0.0864943,-0.4720974},
{-0.3453697,0.0865474,-0.4692957},
{-0.3481617,0.0865008,-0.4668234},
{-0.3504199,0.0866478,-0.4647610},
{-0.3522195,0.0870977,-0.4630477},
{-0.3538334,0.0871569,-0.4615343},
{-0.3552388,0.0874225,-0.4601829}
};
shoToWrVsWam2 = {
{-0.3965587,-0.0665523,-0.5596335},
{-0.4095752,-0.0660614,-0.5548976},
{-0.4226620,-0.0652395,-0.5503344},
{-0.4355517,-0.0640880,-0.5459487},
{-0.4482623,-0.0629347,-0.5419671},
{-0.4608295,-0.0619707,-0.5379662},
{-0.4729831,-0.0610672,-0.5343408},
{-0.4843349,-0.0599054,-0.5309998},
{-0.4957803,-0.0591761,-0.5273900},
{-0.5065329,-0.0581190,-0.5240247},
{-0.5166460,-0.0571319,-0.5206506},
{-0.5263567,-0.0559212,-0.5177343},
{-0.5359613,-0.0546733,-0.5147640},
{-0.5445294,-0.0529931,-0.5124770},
{-0.5534212,-0.0517197,-0.5099666},
{-0.5617161,-0.0501388,-0.5080129},
{-0.5694212,-0.0485884,-0.5063331},
{-0.5764559,-0.0472559,-0.5047394},
{-0.5833542,-0.0460308,-0.5029409},
{-0.5897900,-0.0452803,-0.5012306},
{-0.5952091,-0.0431158,-0.5001016},
{-0.6005882,-0.0423735,-0.4990872},
{-0.6055315,-0.0412486,-0.4982566},
{-0.6097648,-0.0399351,-0.4978300},
{-0.6137232,-0.0384921,-0.4972812},
{-0.6172817,-0.0372185,-0.4966068},
{-0.6204953,-0.0359293,-0.4958972},
{-0.6231080,-0.0346358,-0.4952818},
{-0.6252436,-0.0331502,-0.4946428},
{-0.6271640,-0.0321001,-0.4942166},
{-0.6288712,-0.0309159,-0.4936698}
};
shoToThVsWam2 = {
{-0.4300676,-0.1162080,-0.5562479},
{-0.4436065,-0.1153722,-0.5516855},
{-0.4570980,-0.1142846,-0.5473778},
{-0.4703108,-0.1129245,-0.5433418},
{-0.4832803,-0.1115950,-0.5395341},
{-0.4961483,-0.1104253,-0.5357914},
{-0.5086977,-0.1092383,-0.5323373},
{-0.5203057,-0.1078956,-0.5292579},
{-0.5321869,-0.1068453,-0.5259058},
{-0.5430863,-0.1056909,-0.5231502},
{-0.5535556,-0.1044360,-0.5205625},
{-0.5633195,-0.1031809,-0.5182624},
{-0.5730171,-0.1018512,-0.5158202},
{-0.5817307,-0.1000444,-0.5139720},
{-0.5907844,-0.0986224,-0.5119982},
{-0.5993848,-0.0967846,-0.5103012},
{-0.6073111,-0.0950255,-0.5091528},
{-0.6145665,-0.0934639,-0.5082600},
{-0.6216145,-0.0920311,-0.5074266},
{-0.6280902,-0.0911524,-0.5066014},
{-0.6335927,-0.0888064,-0.5063521},
{-0.6390144,-0.0879385,-0.5059616},
{-0.6440389,-0.0866449,-0.5057638},
{-0.6483732,-0.0851697,-0.5057814},
{-0.6523953,-0.0836095,-0.5055807},
{-0.6560848,-0.0821206,-0.5054458},
{-0.6593579,-0.0806963,-0.5051502},
{-0.6620532,-0.0792329,-0.5049960},
{-0.6642955,-0.0775794,-0.5046922},
{-0.6663223,-0.0763737,-0.5045353},
{-0.6680924,-0.0750728,-0.5042463}
};
shoToPiVsWam2 = {
{-0.4501124,-0.0789287,-0.5836922},
{-0.4635711,-0.0774836,-0.5784343},
{-0.4769566,-0.0758673,-0.5735540},
{-0.4900004,-0.0742394,-0.5690202},
{-0.5028376,-0.0725317,-0.5649766},
{-0.5154903,-0.0711001,-0.5609630},
{-0.5277410,-0.0696159,-0.5573299},
{-0.5391248,-0.0678812,-0.5541180},
{-0.5506380,-0.0665831,-0.5505367},
{-0.5614535,-0.0649551,-0.5471980},
{-0.5715944,-0.0632759,-0.5439515},
{-0.5813964,-0.0617149,-0.5409089},
{-0.5908466,-0.0598950,-0.5384354},
{-0.5993574,-0.0578615,-0.5363555},
{-0.6080100,-0.0561332,-0.5344735},
{-0.6161669,-0.0543006,-0.5328683},
{-0.6237477,-0.0522872,-0.5315313},
{-0.6306529,-0.0504915,-0.5302779},
{-0.6373935,-0.0487961,-0.5288660},
{-0.6437388,-0.0474705,-0.5273980},
{-0.6491068,-0.0447316,-0.5264156},
{-0.6544043,-0.0435259,-0.5255919},
{-0.6592166,-0.0419413,-0.5250414},
{-0.6633139,-0.0402806,-0.5248924},
{-0.6671098,-0.0384921,-0.5246649},
{-0.6704554,-0.0368740,-0.5243996},
{-0.6735995,-0.0355860,-0.5238227},
{-0.6760635,-0.0338334,-0.5234788},
{-0.6781264,-0.0321222,-0.5229687},
{-0.6800662,-0.0307319,-0.5224919},
{-0.6816979,-0.0294326,-0.5220799}
};
shoToEeVsWam2 = {
{-0.4204001,-0.0222121,-0.5922759},
{-0.4332984,-0.0210398,-0.5866823},
{-0.4462324,-0.0196416,-0.5814032},
{-0.4589758,-0.0180654,-0.5764976},
{-0.4714737,-0.0165729,-0.5721633},
{-0.4837923,-0.0152837,-0.5678499},
{-0.4955780,-0.0140552,-0.5639945},
{-0.5065936,-0.0125772,-0.5604037},
{-0.5176257,-0.0115070,-0.5565522},
{-0.5282499,-0.0099537,-0.5524584},
{-0.5380099,-0.0083848,-0.5483509},
{-0.5477971,-0.0067397,-0.5445948},
{-0.5569831,-0.0052052,-0.5414283},
{-0.5653062,-0.0032716,-0.5388607},
{-0.5736626,-0.0017918,-0.5363768},
{-0.5814795,-0.0001076,-0.5345891},
{-0.5887714,0.0017256,-0.5326784},
{-0.5954205,0.0034053,-0.5306968},
{-0.6020008,0.0050614,-0.5282765},
{-0.6082553,0.0062641,-0.5257705},
{-0.6135145,0.0088889,-0.5237749},
{-0.6187160,0.0099402,-0.5222098},
{-0.6233897,0.0113499,-0.5209388},
{-0.6273337,0.0128504,-0.5203028},
{-0.6309837,0.0144318,-0.5196674},
{-0.6341494,0.0158902,-0.5188541},
{-0.6372972,0.0172910,-0.5179266},
{-0.6395969,0.0187958,-0.5170346},
{-0.6415444,0.0204249,-0.5161832},
{-0.6433535,0.0216633,-0.5153684},
{-0.6449235,0.0229322,-0.5147105}
};
rMatsCh2 = {
{0.2719887,0.1563813,0.9495088},
{0.2668407,-0.9602700,0.0817165},
{0.9245638,0.2311416,-0.3029115},
{0.2667887,0.1565224,0.9509598},
{0.2736396,-0.9584172,0.0809811},
{0.9240915,0.2386154,-0.2985256},
{0.2614633,0.1571211,0.9523392},
{0.2800925,-0.9565566,0.0809179},
{0.9236802,0.2455860,-0.2941129},
{0.2575122,0.1575805,0.9533393},
{0.2865652,-0.9546815,0.0803965},
{0.9228044,0.2524908,-0.2909992},
{0.2502023,0.1574220,0.9553100},
{0.2949782,-0.9521785,0.0796492},
{0.9221641,0.2618672,-0.2846733},
{0.2447039,0.1570360,0.9567966},
{0.3045285,-0.9493105,0.0779231},
{0.9205337,0.2723038,-0.2801219},
{0.2409958,0.1591516,0.9573880},
{0.3140439,-0.9461794,0.0782366},
{0.9183123,0.2818071,-0.2780058},
{0.2432995,0.1627022,0.9562078},
{0.3242538,-0.9427564,0.0779096},
{0.9141471,0.2910986,-0.2821290},
{0.2170916,0.1563965,0.9635411},
{0.3408990,-0.9370798,0.0752948},
{0.9146907,0.3121243,-0.2567476},
{0.2050808,0.1532316,0.9666757},
{0.3553672,-0.9319240,0.0723317},
{0.9119518,0.3286911,-0.2455732},
{0.1931391,0.1485919,0.9698545},
{0.3694715,-0.9267208,0.0684060},
{0.9089489,0.3451217,-0.2338864},
{0.2041801,0.1498028,0.9674035},
{0.3582734,-0.9310957,0.0685634},
{0.9110163,0.3325957,-0.2437816},
{0.2056556,0.1628804,0.9649745},
{0.3548436,-0.9313594,0.0815821},
{0.9120262,0.3256372,-0.2493363},
{0.1969029,0.1643871,0.9665434},
{0.3601670,-0.9290406,0.0846360},
{0.9118711,0.3314520,-0.2421376},
{0.1944473,0.1647558,0.9669777},
{0.3708957,-0.9249568,0.0830136},
{0.9080896,0.3425060,-0.2409626},
{0.1890133,0.1659029,0.9678586},
{0.3775680,-0.9221339,0.0843298},
{0.9064857,0.3494930,-0.2369352},
{0.1824460,0.1672538,0.9688858},
{0.3842657,-0.9191788,0.0863140},
{0.9050156,0.3565620,-0.2319704},
{0.1765323,0.1674741,0.9699427},
{0.3920728,-0.9158326,0.0867728},
{0.9028373,0.3649700,-0.2273361},
{0.1702356,0.1693568,0.9707410},
{0.3990754,-0.9125667,0.0892231},
{0.9009765,0.3722099,-0.2229374},
{0.1632453,0.1702119,0.9717916},
{0.4057865,-0.9094143,0.0911208},
{0.8992710,0.3794649,-0.2175273},
{0.1556190,0.1708340,0.9729329},
{0.4135092,-0.9057484,0.0928972},
{0.8971025,0.3878602,-0.2115931},
{0.1499431,0.1715505,0.9736978},
{0.4198197,-0.9026860,0.0943898},
{0.8951360,0.3946244,-0.2073718},
{0.1434701,0.1738976,0.9742566},
{0.4246966,-0.9000048,0.0981029},
{0.8938955,0.3996886,-0.2029775},
{0.1369129,0.1749998,0.9750025},
{0.4314018,-0.8965623,0.1003420},
{0.8917103,0.4068798,-0.1982462},
{0.1302041,0.1765573,0.9756405},
{0.4367469,-0.8936189,0.1034281},
{0.8901118,0.4126412,-0.1934637},
{0.1260347,0.1796071,0.9756314},
{0.4422950,-0.8904885,0.1067960},
{0.8879698,0.4180569,-0.1916717},
{0.1207960,0.1814887,0.9759458},
{0.4473498,-0.8876069,0.1096911},
{0.8861639,0.4233389,-0.1884083},
{0.1148119,0.1829159,0.9764016},
{0.4532921,-0.8842529,0.1123520},
{0.8839369,0.4296958,-0.1844371},
{0.1097324,0.1848404,0.9766232},
{0.4587735,-0.8810532,0.1152050},
{0.8817515,0.4354071,-0.1814800},
{0.1018112,0.1862065,0.9772214},
{0.4644358,-0.8775974,0.1188366},
{0.8797351,0.4417577,-0.1758302},
{0.0963182,0.1874209,0.9775460},
{0.4697189,-0.8744333,0.1213698},
{0.8775460,0.4474817,-0.1722589},
{0.0000000,0.0000000,0.0000000},
{0.0000000,0.0000000,0.0000000},
{0.0000000,0.0000000,0.0000000}
};
xyzEulersCh2 = {
{0.6518113,1.9617035,2.3657483},
{0.6743219,1.9629411,2.3435184},
{0.6957245,1.9640159,2.3218087},
{0.7146624,1.9662955,2.3028465},
{0.7436942,1.9679540,2.2742480},
{0.7712467,1.9721481,2.2476981},
{0.7921884,1.9777969,2.2253378},
{0.8010445,1.9881938,2.2145129},
{0.8824372,1.9868506,2.1378510},
{0.9291380,1.9935765,2.0942038},
{0.9751991,2.0008367,2.0524733},
{0.9382858,1.9958508,2.0887896},
{0.9173306,1.9933950,2.0960559},
{0.9398690,1.9937729,2.0711016},
{0.9577066,2.0028934,2.0536663},
{0.9750298,2.0067074,2.0349296},
{0.9940168,2.0101762,2.0140742},
{1.0137158,2.0152695,1.9938614},
{1.0311447,2.0195777,1.9740002},
{1.0502800,2.0234928,1.9532784},
{1.0713841,2.0284256,1.9307389},
{1.0869641,2.0328564,1.9138360},
{1.1008971,2.0356315,1.8965776},
{1.1174125,2.0404826,1.8781095},
{1.1323839,2.0440022,1.8605299},
{1.1409109,2.0486809,1.8483949},
{1.1520638,2.0525928,1.8345323},
{1.1653508,2.0573770,1.8188639},
{1.1758871,2.0620303,1.8055720},
{1.1919946,2.0662879,1.7865974},
{1.2033294,2.0708726,1.7730476}
};
rMatsChInChF2 = {
{0.9495088,-0.1563813,0.2719887},
{0.0817165,0.9602700,0.2668407},
{-0.3029115,-0.2311416,0.9245638},
{0.9509598,-0.1565224,0.2667887},
{0.0809811,0.9584172,0.2736396},
{-0.2985256,-0.2386154,0.9240915},
{0.9523392,-0.1571211,0.2614633},
{0.0809179,0.9565566,0.2800925},
{-0.2941129,-0.2455860,0.9236802},
{0.9533393,-0.1575805,0.2575122},
{0.0803965,0.9546815,0.2865652},
{-0.2909992,-0.2524908,0.9228044},
{0.9553100,-0.1574220,0.2502023},
{0.0796492,0.9521785,0.2949782},
{-0.2846733,-0.2618672,0.9221641},
{0.9567966,-0.1570360,0.2447039},
{0.0779231,0.9493105,0.3045285},
{-0.2801219,-0.2723038,0.9205337},
{0.9573880,-0.1591516,0.2409958},
{0.0782366,0.9461794,0.3140439},
{-0.2780058,-0.2818071,0.9183123},
{0.9562078,-0.1627022,0.2432995},
{0.0779096,0.9427564,0.3242538},
{-0.2821290,-0.2910986,0.9141471},
{0.9635411,-0.1563965,0.2170916},
{0.0752948,0.9370798,0.3408990},
{-0.2567476,-0.3121243,0.9146907},
{0.9666757,-0.1532316,0.2050808},
{0.0723317,0.9319240,0.3553672},
{-0.2455732,-0.3286911,0.9119518},
{0.9698545,-0.1485919,0.1931391},
{0.0684060,0.9267208,0.3694715},
{-0.2338864,-0.3451217,0.9089489},
{0.9674035,-0.1498028,0.2041801},
{0.0685634,0.9310957,0.3582734},
{-0.2437816,-0.3325957,0.9110163},
{0.9649745,-0.1628804,0.2056556},
{0.0815821,0.9313594,0.3548436},
{-0.2493363,-0.3256372,0.9120262},
{0.9665434,-0.1643871,0.1969029},
{0.0846360,0.9290406,0.3601670},
{-0.2421376,-0.3314520,0.9118711},
{0.9669777,-0.1647558,0.1944473},
{0.0830136,0.9249568,0.3708957},
{-0.2409626,-0.3425060,0.9080896},
{0.9678586,-0.1659029,0.1890133},
{0.0843298,0.9221339,0.3775680},
{-0.2369352,-0.3494930,0.9064857},
{0.9688858,-0.1672538,0.1824460},
{0.0863140,0.9191788,0.3842657},
{-0.2319704,-0.3565620,0.9050156},
{0.9699427,-0.1674741,0.1765323},
{0.0867728,0.9158326,0.3920728},
{-0.2273361,-0.3649700,0.9028373},
{0.9707410,-0.1693568,0.1702356},
{0.0892231,0.9125667,0.3990754},
{-0.2229374,-0.3722099,0.9009765},
{0.9717916,-0.1702119,0.1632453},
{0.0911208,0.9094143,0.4057865},
{-0.2175273,-0.3794649,0.8992710},
{0.9729329,-0.1708340,0.1556190},
{0.0928972,0.9057484,0.4135092},
