(* /home/sara/Dropbox/Reaching Study/Gilwoo_Automated_v2/csv_only_manual_inspection/2016_12_14_study_4_Part10_1/2016_12_14_study_4_Part10_1_27572_27786_clean_phase2.csv*)
inPtsRPi2 = {
{0.4160000,0.8371000,0.1329000},
{0.4055000,0.8397000,0.1350000},
{0.3949000,0.8420000,0.1370000},
{0.3843000,0.8443000,0.1387000},
{0.3739000,0.8465000,0.1402000},
{0.3635000,0.8485000,0.1416000},
{0.3533000,0.8503000,0.1428000},
{0.3432000,0.8519000,0.1440000},
{0.3331000,0.8534000,0.1451000},
{0.3232000,0.8546000,0.1461000},
{0.3134000,0.8558000,0.1469000},
{0.3039000,0.8568000,0.1477000},
{0.2946000,0.8579000,0.1482000},
{0.2856000,0.8588000,0.1487000},
{0.2770000,0.8597000,0.1491000},
{0.2686000,0.8604000,0.1496000},
{0.2605000,0.8610000,0.1501000},
{0.2527000,0.8616000,0.1507000},
{0.2452000,0.8620000,0.1512000},
{0.2379000,0.8623000,0.1516000},
{0.2310000,0.8626000,0.1520000},
{0.2242000,0.8628000,0.1522000},
{0.2176000,0.8631000,0.1523000},
{0.2113000,0.8633000,0.1524000},
{0.2052000,0.8635000,0.1524000},
{0.1993000,0.8635000,0.1525000},
{0.1936000,0.8636000,0.1527000},
{0.1882000,0.8635000,0.1529000},
{0.1830000,0.8633000,0.1530000},
{0.1778000,0.8630000,0.1531000},
{0.1729000,0.8626000,0.1532000}
};
inPtsRTh2 = {
{0.4197000,0.7926000,0.1616000},
{0.4089000,0.7947000,0.1633000},
{0.3980000,0.7968000,0.1648000},
{0.3873000,0.7992000,0.1661000},
{0.3765000,0.8010000,0.1673000},
{0.3658000,0.8029000,0.1684000},
{0.3552000,0.8044000,0.1693000},
{0.3447000,0.8057000,0.1700000},
{0.3343000,0.8068000,0.1705000},
{0.3242000,0.8077000,0.1708000},
{0.3141000,0.8085000,0.1710000},
{0.3044000,0.8094000,0.1713000},
{0.2950000,0.8102000,0.1715000},
{0.2857000,0.8110000,0.1716000},
{0.2768000,0.8116000,0.1717000},
{0.2681000,0.8122000,0.1717000},
{0.2597000,0.8125000,0.1717000},
{0.2517000,0.8128000,0.1717000},
{0.2439000,0.8130000,0.1716000},
{0.2364000,0.8132000,0.1715000},
{0.2292000,0.8133000,0.1715000},
{0.2222000,0.8134000,0.1714000},
{0.2152000,0.8135000,0.1714000},
{0.2086000,0.8138000,0.1714000},
{0.2023000,0.8140000,0.1712000},
{0.1961000,0.8140000,0.1711000},
{0.1902000,0.8140000,0.1710000},
{0.1846000,0.8138000,0.1709000},
{0.1792000,0.8135000,0.1707000},
{0.1740000,0.8131000,0.1706000},
{0.1690000,0.8126000,0.1704000}
};
inPtsRW2 = {
{0.4641000,0.8449000,0.1537000},
{0.4538000,0.8468000,0.1556000},
{0.4435000,0.8486000,0.1575000},
{0.4331000,0.8503000,0.1591000},
{0.4228000,0.8520000,0.1605000},
{0.4125000,0.8534000,0.1618000},
{0.4023000,0.8546000,0.1631000},
{0.3921000,0.8556000,0.1643000},
{0.3821000,0.8564000,0.1655000},
{0.3722000,0.8571000,0.1666000},
{0.3624000,0.8578000,0.1677000},
{0.3529000,0.8585000,0.1686000},
{0.3436000,0.8591000,0.1693000},
{0.3345000,0.8596000,0.1699000},
{0.3257000,0.8600000,0.1705000},
{0.3173000,0.8603000,0.1711000},
{0.3090000,0.8604000,0.1718000},
{0.3011000,0.8604000,0.1725000},
{0.2935000,0.8604000,0.1732000},
{0.2862000,0.8603000,0.1738000},
{0.2790000,0.8602000,0.1743000},
{0.2722000,0.8602000,0.1748000},
{0.2656000,0.8601000,0.1752000},
{0.2592000,0.8601000,0.1755000},
{0.2530000,0.8600000,0.1758000},
{0.2470000,0.8598000,0.1761000},
{0.2413000,0.8595000,0.1764000},
{0.2358000,0.8592000,0.1767000},
{0.2305000,0.8588000,0.1770000},
{0.2254000,0.8583000,0.1772000},
{0.2205000,0.8577000,0.1774000}
};
inPtsRLA2 = {
{0.5593000,0.8906000,0.1486000},
{0.5495000,0.8916000,0.1503000},
{0.5397000,0.8925000,0.1521000},
{0.5298000,0.8933000,0.1538000},
{0.5199000,0.8940000,0.1556000},
{0.5100000,0.8946000,0.1572000},
{0.5002000,0.8951000,0.1589000},
{0.4904000,0.8955000,0.1606000},
{0.4807000,0.8957000,0.1624000},
{0.4711000,0.8958000,0.1643000},
{0.4617000,0.8959000,0.1662000},
{0.4524000,0.8959000,0.1681000},
{0.4434000,0.8958000,0.1698000},
{0.4347000,0.8957000,0.1715000},
{0.4262000,0.8955000,0.1730000},
{0.4178000,0.8952000,0.1745000},
{0.4098000,0.8948000,0.1760000},
{0.4022000,0.8944000,0.1775000},
{0.3947000,0.8939000,0.1790000},
{0.3876000,0.8933000,0.1806000},
{0.3808000,0.8928000,0.1820000},
{0.3742000,0.8922000,0.1834000},
{0.3678000,0.8916000,0.1846000},
{0.3616000,0.8909000,0.1857000},
{0.3557000,0.8904000,0.1867000},
{0.3499000,0.8897000,0.1875000},
{0.3443000,0.8891000,0.1882000},
{0.3389000,0.8884000,0.1888000},
{0.3338000,0.8878000,0.1894000},
{0.3289000,0.8871000,0.1900000},
{0.3240000,0.8864000,0.1907000}
};
inPtsREl2 = {
{0.6728000,0.9325000,0.1449000},
{0.6632000,0.9326000,0.1457000},
{0.6534000,0.9326000,0.1467000},
{0.6436000,0.9325000,0.1477000},
{0.6339000,0.9323000,0.1489000},
{0.6242000,0.9321000,0.1502000},
{0.6145000,0.9319000,0.1518000},
{0.6049000,0.9317000,0.1534000},
{0.5952000,0.9315000,0.1552000},
{0.5855000,0.9313000,0.1571000},
{0.5760000,0.9310000,0.1590000},
{0.5667000,0.9306000,0.1610000},
{0.5577000,0.9301000,0.1630000},
{0.5490000,0.9295000,0.1651000},
{0.5405000,0.9289000,0.1673000},
{0.5323000,0.9283000,0.1694000},
{0.5242000,0.9276000,0.1714000},
{0.5165000,0.9268000,0.1735000},
{0.5091000,0.9260000,0.1754000},
{0.5019000,0.9252000,0.1772000},
{0.4952000,0.9244000,0.1791000},
{0.4887000,0.9235000,0.1810000},
{0.4823000,0.9227000,0.1827000},
{0.4762000,0.9218000,0.1843000},
{0.4702000,0.9209000,0.1857000},
{0.4645000,0.9199000,0.1868000},
{0.4590000,0.9189000,0.1878000},
{0.4537000,0.9179000,0.1886000},
{0.4486000,0.9169000,0.1893000},
{0.4438000,0.9160000,0.1900000},
{0.4390000,0.9152000,0.1907000}
};
inPtsRUA2 = {
{0.6908000,0.9296000,0.2980000},
{0.6854000,0.9291000,0.2981000},
{0.6797000,0.9292000,0.2982000},
{0.6740000,0.9282000,0.2982000},
{0.6681000,0.9279000,0.2983000},
{0.6619000,0.9275000,0.2986000},
{0.6556000,0.9271000,0.2989000},
{0.6493000,0.9266000,0.2992000},
{0.6429000,0.9262000,0.2996000},
{0.6364000,0.9257000,0.3000000},
{0.6299000,0.9252000,0.3005000},
{0.6235000,0.9245000,0.3011000},
{0.6170000,0.9238000,0.3018000},
{0.6106000,0.9228000,0.3026000},
{0.6042000,0.9218000,0.3034000},
{0.5980000,0.9207000,0.3041000},
{0.5919000,0.9194000,0.3048000},
{0.5859000,0.9180000,0.3054000},
{0.5800000,0.9166000,0.3060000},
{0.5742000,0.9153000,0.3066000},
{0.5686000,0.9142000,0.3074000},
{0.5631000,0.9131000,0.3081000},
{0.5579000,0.9121000,0.3088000},
{0.5528000,0.9109000,0.3093000},
{0.5479000,0.9096000,0.3098000},
{0.5431000,0.9083000,0.3101000},
{0.5385000,0.9070000,0.3104000},
{0.5340000,0.9058000,0.3106000},
{0.5295000,0.9047000,0.3106000},
{0.5252000,0.9036000,0.3107000},
{0.5210000,0.9025000,0.3108000}
};
inPtsRSh2 = {
{0.6775000,0.8682000,0.4576000},
{0.6750000,0.8677000,0.4575000},
{0.6724000,0.8671000,0.4574000},
{0.6697000,0.8665000,0.4572000},
{0.6669000,0.8658000,0.4570000},
{0.6640000,0.8651000,0.4568000},
{0.6609000,0.8643000,0.4565000},
{0.6579000,0.8634000,0.4562000},
{0.6546000,0.8625000,0.4558000},
{0.6513000,0.8616000,0.4554000},
{0.6479000,0.8606000,0.4551000},
{0.6444000,0.8595000,0.4547000},
{0.6409000,0.8584000,0.4544000},
{0.6373000,0.8573000,0.4540000},
{0.6339000,0.8561000,0.4536000},
{0.6303000,0.8548000,0.4532000},
{0.6266000,0.8534000,0.4528000},
{0.6229000,0.8520000,0.4523000},
{0.6192000,0.8505000,0.4519000},
{0.6156000,0.8491000,0.4515000},
{0.6120000,0.8478000,0.4511000},
{0.6085000,0.8464000,0.4506000},
{0.6049000,0.8451000,0.4502000},
{0.6012000,0.8437000,0.4496000},
{0.5977000,0.8423000,0.4491000},
{0.5940000,0.8409000,0.4486000},
{0.5905000,0.8396000,0.4480000},
{0.5871000,0.8383000,0.4474000},
{0.5836000,0.8372000,0.4467000},
{0.5801000,0.8361000,0.4461000},
{0.5768000,0.8349000,0.4454000}
};
inPtsRCh2 = {
{0.6690000,0.7549000,0.4011000},
{0.6672000,0.7545000,0.4007000},
{0.6653000,0.7541000,0.4002000},
{0.6634000,0.7537000,0.3997000},
{0.6613000,0.7532000,0.3992000},
{0.6592000,0.7528000,0.3987000},
{0.6570000,0.7522000,0.3982000},
{0.6546000,0.7516000,0.3977000},
{0.6521000,0.7509000,0.3972000},
{0.6494000,0.7501000,0.3967000},
{0.6466000,0.7494000,0.3962000},
{0.6437000,0.7486000,0.3956000},
{0.6401000,0.7471000,0.3949000},
{0.6370000,0.7458000,0.3943000},
{0.6339000,0.7443000,0.3937000},
{0.6339000,0.7443000,0.3937000},
{0.6324000,0.7455000,0.3916000},
{0.6299000,0.7448000,0.3909000},
{0.6272000,0.7440000,0.3901000},
{0.6245000,0.7432000,0.3894000},
{0.6219000,0.7426000,0.3886000},
{0.6193000,0.7419000,0.3879000},
{0.6166000,0.7412000,0.3870000},
{0.6140000,0.7404000,0.3861000},
{0.6114000,0.7397000,0.3853000},
{0.6087000,0.7390000,0.3844000},
{0.6061000,0.7383000,0.3835000},
{0.6035000,0.7375000,0.3826000},
{0.6009000,0.7367000,0.3818000},
{0.5984000,0.7361000,0.3809000},
{0.5960000,0.7354000,0.3800000}
};
inPtsMCh2 = {
{0.6986000,0.6194000,0.4235000},
{0.6973000,0.6192000,0.4230000},
{0.6959000,0.6190000,0.4226000},
{0.6945000,0.6187000,0.4221000},
{0.6930000,0.6185000,0.4217000},
{0.6915000,0.6183000,0.4212000},
{0.6900000,0.6181000,0.4207000},
{0.6884000,0.6178000,0.4201000},
{0.6868000,0.6176000,0.4196000},
{0.6852000,0.6173000,0.4190000},
{0.6835000,0.6170000,0.4184000},
{0.6818000,0.6168000,0.4178000},
{0.6801000,0.6165000,0.4171000},
{0.6783000,0.6162000,0.4165000},
{0.6764000,0.6158000,0.4162000},
{0.6746000,0.6155000,0.4155000},
{0.6728000,0.6151000,0.4148000},
{0.6709000,0.6148000,0.4142000},
{0.6690000,0.6144000,0.4135000},
{0.6670000,0.6140000,0.4129000},
{0.6651000,0.6137000,0.4122000},
{0.6631000,0.6133000,0.4116000},
{0.6611000,0.6130000,0.4108000},
{0.6592000,0.6126000,0.4102000},
{0.6572000,0.6123000,0.4095000},
{0.6552000,0.6119000,0.4088000},
{0.6532000,0.6115000,0.4082000},
{0.6512000,0.6111000,0.4074000},
{0.6492000,0.6107000,0.4067000},
{0.6473000,0.6103000,0.4060000},
{0.6453000,0.6098000,0.4052000}
};
inPtsLCh2 = {
{0.6671000,0.6801000,0.3348000},
{0.6658000,0.6798000,0.3343000},
{0.6645000,0.6795000,0.3337000},
{0.6631000,0.6791000,0.3332000},
{0.6616000,0.6788000,0.3326000},
{0.6601000,0.6784000,0.3320000},
{0.6586000,0.6780000,0.3314000},
{0.6571000,0.6776000,0.3308000},
{0.6555000,0.6771000,0.3302000},
{0.6535000,0.6766000,0.3297000},
{0.6512000,0.6759000,0.3294000},
{0.6488000,0.6752000,0.3289000},
{0.6459000,0.6734000,0.3283000},
{0.6468000,0.6746000,0.3269000},
{0.6451000,0.6741000,0.3261000},
{0.6432000,0.6736000,0.3253000},
{0.6414000,0.6730000,0.3245000},
{0.6395000,0.6725000,0.3237000},
{0.6376000,0.6719000,0.3229000},
{0.6356000,0.6714000,0.3221000},
{0.6336000,0.6708000,0.3214000},
{0.6316000,0.6702000,0.3206000},
{0.6296000,0.6696000,0.3198000},
{0.6277000,0.6691000,0.3191000},
{0.6257000,0.6685000,0.3183000},
{0.6237000,0.6679000,0.3174000},
{0.6217000,0.6673000,0.3166000},
{0.6196000,0.6667000,0.3158000},
{0.6177000,0.6661000,0.3149000},
{0.6156000,0.6654000,0.3141000},
{0.6136000,0.6648000,0.3133000}
};
inPtsLSh2 = {
{0.6247000,0.5311000,0.4535000},
{0.6248000,0.5311000,0.4535000},
{0.6248000,0.5311000,0.4535000},
{0.6248000,0.5311000,0.4535000},
{0.6248000,0.5311000,0.4535000},
{0.6248000,0.5311000,0.4535000},
{0.6248000,0.5311000,0.4535000},
{0.6248000,0.5311000,0.4535000},
{0.6248000,0.5311000,0.4535000},
{0.6248000,0.5311000,0.4535000},
{0.6248000,0.5311000,0.4535000},
{0.6248000,0.5311000,0.4535000},
{0.6249000,0.5311000,0.4535000},
{0.6249000,0.5311000,0.4535000},
{0.6249000,0.5311000,0.4536000},
{0.6249000,0.5311000,0.4536000},
{0.6249000,0.5311000,0.4536000},
{0.6249000,0.5311000,0.4536000},
{0.6249000,0.5311000,0.4536000},
{0.6249000,0.5311000,0.4536000},
{0.6249000,0.5311000,0.4536000},
{0.6249000,0.5311000,0.4536000},
{0.6250000,0.5311000,0.4536000},
{0.6250000,0.5311000,0.4536000},
{0.6250000,0.5311000,0.4536000},
{0.6250000,0.5311000,0.4536000},
{0.6250000,0.5311000,0.4536000},
{0.6250000,0.5310000,0.4536000},
{0.6250000,0.5310000,0.4536000},
{0.6250000,0.5310000,0.4536000},
{0.6250000,0.5310000,0.4536000}
};
inPtsEeWam2 = {
{0.3273045,0.8974722,-0.1526909},
{0.3113373,0.9017909,-0.1491164},
{0.2952507,0.9058751,-0.1455478},
{0.2793726,0.9097522,-0.1423449},
{0.2636335,0.9136092,-0.1394408},
{0.2482871,0.9170432,-0.1366248},
{0.2332334,0.9203519,-0.1340342},
{0.2183132,0.9235182,-0.1311476},
{0.2035910,0.9264637,-0.1282286},
{0.1888042,0.9291449,-0.1252893},
{0.1745480,0.9317914,-0.1222539},
{0.1605265,0.9343115,-0.1197624},
{0.1471806,0.9366386,-0.1174817},
{0.1343681,0.9388691,-0.1156574},
{0.1218649,0.9409909,-0.1137352},
{0.1100509,0.9430432,-0.1117019},
{0.0985601,0.9448326,-0.1093643},
{0.0876083,0.9466304,-0.1071948},
{0.0772767,0.9483170,-0.1049271},
{0.0673456,0.9496589,-0.1027680},
{0.0580668,0.9511127,-0.1012336},
{0.0489509,0.9526295,-0.0998557},
{0.0404941,0.9538002,-0.0985889},
{0.0323012,0.9552056,-0.0977990},
{0.0243939,0.9563512,-0.0964975},
{0.0170531,0.9572692,-0.0953648},
{0.0099346,0.9580322,-0.0939854},
{0.0030127,0.9586460,-0.0925644},
{-0.0035593,0.9590245,-0.0914150},
{-0.0096387,0.9593523,-0.0905197},
{-0.0157385,0.9596065,-0.0893813}
};
inPtsRPiWam2 = {
{0.2918391,0.8448685,-0.1398741},
{0.2754621,0.8494374,-0.1366349},
{0.2589536,0.8536107,-0.1333705},
{0.2425807,0.8577300,-0.1304121},
{0.2265050,0.8617734,-0.1277723},
{0.2106847,0.8654995,-0.1251725},
{0.1951980,0.8690785,-0.1230357},
{0.1799121,0.8724388,-0.1206925},
{0.1647704,0.8755774,-0.1185107},
{0.1497429,0.8782779,-0.1163551},
{0.1352189,0.8809844,-0.1142038},
{0.1210030,0.8834993,-0.1122356},
{0.1074156,0.8860425,-0.1105501},
{0.0943290,0.8884132,-0.1092032},
{0.0815756,0.8907928,-0.1078782},
{0.0694748,0.8929418,-0.1063760},
{0.0577648,0.8949172,-0.1047945},
{0.0465601,0.8969385,-0.1034050},
{0.0360295,0.8987026,-0.1018931},
{0.0258619,0.9001555,-0.1003833},
{0.0164287,0.9018146,-0.0994224},
{0.0071834,0.9033620,-0.0985571},
{-0.0015900,0.9048120,-0.0976612},
{-0.0100209,0.9063612,-0.0970932},
{-0.0181372,0.9076785,-0.0962547},
{-0.0256590,0.9087019,-0.0954487},
{-0.0330169,0.9096805,-0.0944749},
{-0.0400237,0.9103640,-0.0934338},
{-0.0466777,0.9108071,-0.0927432},
{-0.0528357,0.9112004,-0.0921389},
{-0.0590061,0.9115075,-0.0913770}
};
inPtsRThWam2 = {
{0.3077344,0.8082619,-0.1094552},
{0.2912281,0.8123087,-0.1066331},
{0.2744326,0.8162318,-0.1039144},
{0.2577464,0.8200434,-0.1013292},
{0.2414882,0.8237637,-0.0989964},
{0.2253701,0.8271731,-0.0966709},
{0.2095597,0.8303475,-0.0947641},
{0.1940104,0.8332678,-0.0927918},
{0.1785474,0.8358735,-0.0911429},
{0.1632981,0.8381469,-0.0895718},
{0.1484684,0.8404272,-0.0879102},
{0.1340317,0.8427593,-0.0863621},
{0.1202354,0.8448567,-0.0849124},
{0.1068715,0.8469874,-0.0838595},
{0.0938679,0.8489298,-0.0826944},
{0.0814620,0.8508866,-0.0816205},
{0.0694963,0.8524288,-0.0803789},
{0.0580496,0.8539533,-0.0794702},
{0.0472416,0.8554524,-0.0784325},
{0.0367733,0.8566946,-0.0773556},
{0.0271447,0.8579956,-0.0766221},
{0.0176512,0.8594741,-0.0760041},
{0.0084896,0.8607620,-0.0751833},
{-0.0002614,0.8623256,-0.0746577},
{-0.0087002,0.8635151,-0.0739532},
{-0.0164942,0.8645140,-0.0732754},
{-0.0241141,0.8652993,-0.0725768},
{-0.0312649,0.8658667,-0.0717555},
{-0.0381013,0.8662043,-0.0712813},
{-0.0443609,0.8664963,-0.0708998},
{-0.0506493,0.8667009,-0.0704025}
};
inPtsRWWam2 = {
{0.3463105,0.8537017,-0.1163190},
{0.3301544,0.8574770,-0.1133086},
{0.3138090,0.8610602,-0.1102319},
{0.2975856,0.8644929,-0.1074182},
{0.2816231,0.8679728,-0.1048910},
{0.2659205,0.8710231,-0.1024018},
{0.2504480,0.8739270,-0.1001464},
{0.2351920,0.8766215,-0.0977440},
{0.2200734,0.8789633,-0.0954866},
{0.2050328,0.8810989,-0.0932236},
{0.1904099,0.8832371,-0.0907758},
{0.1761643,0.8854131,-0.0887076},
{0.1625096,0.8873918,-0.0868260},
{0.1493720,0.8893137,-0.0853400},
{0.1365053,0.8911312,-0.0837407},
{0.1243637,0.8928291,-0.0821437},
{0.1125293,0.8942397,-0.0802916},
{0.1012529,0.8955825,-0.0787706},
{0.0906074,0.8968947,-0.0770336},
{0.0803405,0.8978996,-0.0753434},
{0.0707872,0.8990967,-0.0741683},
{0.0614023,0.9004251,-0.0730291},
{0.0524769,0.9014328,-0.0718668},
{0.0439252,0.9027572,-0.0710774},
{0.0356358,0.9037411,-0.0699306},
{0.0279894,0.9045405,-0.0689057},
{0.0205576,0.9050755,-0.0678561},
{0.0134676,0.9055318,-0.0666881},
{0.0066842,0.9057518,-0.0657813},
{0.0004878,0.9059353,-0.0651411},
{-0.0057452,0.9060247,-0.0642990}
};
inPtsRLAWam2 = {
{0.6227218,0.9697229,-0.1279741},
{0.6074898,0.9711130,-0.1264205},
{0.5920164,0.9723962,-0.1245465},
{0.5766799,0.9734788,-0.1225330},
{0.5616529,0.9744929,-0.1202787},
{0.5467481,0.9754215,-0.1177896},
{0.5319757,0.9764816,-0.1151382},
{0.5173446,0.9775229,-0.1121963},
{0.5027235,0.9785739,-0.1091482},
{0.4881279,0.9795783,-0.1058321},
{0.4739973,0.9804215,-0.1023264},
{0.4602740,0.9812237,-0.0988069},
{0.4471495,0.9817843,-0.0952017},
{0.4345443,0.9822440,-0.0917215},
{0.4221404,0.9827525,-0.0879960},
{0.4103901,0.9832932,-0.0844053},
{0.3988918,0.9836614,-0.0808239},
{0.3879377,0.9839570,-0.0774396},
{0.3776023,0.9842178,-0.0741051},
{0.3675859,0.9843263,-0.0708157},
{0.3583105,0.9844760,-0.0677848},
{0.3492384,0.9845823,-0.0647862},
{0.3405327,0.9846460,-0.0618972},
{0.3322683,0.9847423,-0.0593842},
{0.3242182,0.9846558,-0.0567770},
{0.3168285,0.9843530,-0.0546961},
{0.3096089,0.9839439,-0.0527197},
{0.3027389,0.9834585,-0.0508904},
{0.2961451,0.9828617,-0.0494569},
{0.2900716,0.9824416,-0.0481691},
{0.2838758,0.9822408,-0.0466699}
};
inPtsRElWam2 = {
{0.6276547,0.9624034,-0.0838482},
{0.6127390,0.9633811,-0.0824016},
{0.5975393,0.9642410,-0.0806376},
{0.5824011,0.9649027,-0.0787299},
{0.5674823,0.9654813,-0.0765773},
{0.5526475,0.9659791,-0.0741887},
{0.5378968,0.9665858,-0.0716409},
{0.5232714,0.9671641,-0.0688078},
{0.5086311,0.9677462,-0.0658717},
{0.4939843,0.9682691,-0.0626719},
{0.4797849,0.9686489,-0.0592809},
{0.4659306,0.9689751,-0.0558770},
{0.4526237,0.9690764,-0.0523818},
{0.4397883,0.9690850,-0.0490092},
{0.4271480,0.9691190,-0.0454043},
{0.4151828,0.9692014,-0.0419383},
{0.4035067,0.9691346,-0.0384839},
{0.3923510,0.9690048,-0.0352264},
{0.3818438,0.9688664,-0.0320178},
{0.3716587,0.9685915,-0.0288534},
{0.3621637,0.9683716,-0.0259422},
{0.3528598,0.9681099,-0.0230664},
{0.3439519,0.9678263,-0.0202990},
{0.3354624,0.9675925,-0.0179031},
{0.3272279,0.9671973,-0.0154110},
{0.3196875,0.9666578,-0.0134202},
{0.3123410,0.9660263,-0.0115312},
{0.3053722,0.9653491,-0.0097794},
{0.2986948,0.9646000,-0.0084080},
{0.2925377,0.9640159,-0.0071885},
{0.2862931,0.9635982,-0.0057846}
};
inPtsRUAWam2 = {
{0.6694036,0.9789659,-0.0810700},
{0.6546361,0.9797014,-0.0805901},
{0.6395484,0.9803516,-0.0798102},
{0.6244922,0.9808187,-0.0788853},
{0.6096296,0.9812085,-0.0776971},
{0.5948042,0.9815853,-0.0762508},
{0.5800225,0.9821302,-0.0746072},
{0.5653308,0.9826920,-0.0726671},
{0.5505837,0.9833270,-0.0705853},
{0.5357958,0.9839502,-0.0682308},
{0.5214497,0.9844123,-0.0656503},
{0.5074346,0.9848313,-0.0630186},
{0.4939561,0.9850331,-0.0602567},
{0.4809418,0.9851489,-0.0575728},
{0.4680963,0.9853345,-0.0546397},
{0.4559281,0.9855789,-0.0517667},
{0.4440441,0.9856817,-0.0488721},
{0.4326807,0.9857256,-0.0461316},
{0.4219791,0.9857423,-0.0433913},
{0.4115892,0.9856455,-0.0406737},
{0.4019058,0.9855844,-0.0381605},
{0.3924157,0.9854660,-0.0356800},
{0.3833218,0.9853485,-0.0332599},
{0.3746717,0.9852349,-0.0311836},
{0.3662704,0.9849696,-0.0290064},
{0.3586024,0.9845017,-0.0272850},
{0.3511192,0.9839566,-0.0256645},
{0.3440266,0.9833423,-0.0241698},
{0.3372359,0.9826460,-0.0230342},
{0.3309752,0.9821387,-0.0219914},
{0.3245993,0.9818646,-0.0207504}
};
inPtsRShWam2 = {
{0.6775000,0.8682000,0.4576000},
{0.6750000,0.8677000,0.4575000},
{0.6724000,0.8671000,0.4574000},
{0.6697000,0.8665000,0.4572000},
{0.6669000,0.8658000,0.4570000},
{0.6640000,0.8651000,0.4568000},
{0.6609000,0.8643000,0.4565000},
{0.6579000,0.8634000,0.4562000},
{0.6546000,0.8625000,0.4558000},
{0.6513000,0.8616000,0.4554000},
{0.6479000,0.8606000,0.4551000},
{0.6444000,0.8595000,0.4547000},
{0.6409000,0.8584000,0.4544000},
{0.6373000,0.8573000,0.4540000},
{0.6339000,0.8561000,0.4536000},
{0.6303000,0.8548000,0.4532000},
{0.6266000,0.8534000,0.4528000},
{0.6229000,0.8520000,0.4523000},
{0.6192000,0.8505000,0.4519000},
{0.6156000,0.8491000,0.4515000},
{0.6120000,0.8478000,0.4511000},
{0.6085000,0.8464000,0.4506000},
{0.6049000,0.8451000,0.4502000},
{0.6012000,0.8437000,0.4496000},
{0.5977000,0.8423000,0.4491000},
{0.5940000,0.8409000,0.4486000},
{0.5905000,0.8396000,0.4480000},
{0.5871000,0.8383000,0.4474000},
{0.5836000,0.8372000,0.4467000},
{0.5801000,0.8361000,0.4461000},
{0.5768000,0.8349000,0.4454000}
};
shoToUaVsWam2 = {
{-0.0080964,0.1107659,-0.5386700},
{-0.0203639,0.1120014,-0.5380901},
{-0.0328516,0.1132516,-0.5372102},
{-0.0452078,0.1143187,-0.5360853},
{-0.0572704,0.1154085,-0.5346971},
{-0.0691958,0.1164853,-0.5330508},
{-0.0808775,0.1178302,-0.5311072},
{-0.0925692,0.1192920,-0.5288671},
{-0.1040163,0.1208270,-0.5263853},
{-0.1155042,0.1223502,-0.5236308},
{-0.1264503,0.1238123,-0.5207503},
{-0.1369654,0.1253313,-0.5177186},
{-0.1469439,0.1266331,-0.5146567},
{-0.1563582,0.1278489,-0.5115728},
{-0.1658037,0.1292345,-0.5082397},
{-0.1743719,0.1307789,-0.5049667},
{-0.1825559,0.1322817,-0.5016721},
{-0.1902193,0.1337256,-0.4984316},
{-0.1972209,0.1352423,-0.4952913},
{-0.2040108,0.1365455,-0.4921737},
{-0.2100942,0.1377844,-0.4892605},
{-0.2160843,0.1390660,-0.4862800},
{-0.2215782,0.1402485,-0.4834599},
{-0.2265283,0.1415349,-0.4807836},
{-0.2314296,0.1426696,-0.4781064},
{-0.2353976,0.1436017,-0.4758850},
{-0.2393808,0.1443566,-0.4736645},
{-0.2430734,0.1450423,-0.4715698},
{-0.2463641,0.1454460,-0.4697342},
{-0.2491248,0.1460387,-0.4680914},
{-0.2522007,0.1469646,-0.4661504}
};
elOffsetVsWam2 = {
{-0.0417489,-0.0165624,-0.0027782},
{-0.0418971,-0.0163204,-0.0018114},
{-0.0420091,-0.0161106,-0.0008274},
{-0.0420911,-0.0159160,0.0001555},
{-0.0421474,-0.0157272,0.0011198},
{-0.0421568,-0.0156062,0.0020620},
{-0.0421257,-0.0155444,0.0029663},
{-0.0420594,-0.0155279,0.0038593},
{-0.0419526,-0.0155808,0.0047136},
{-0.0418115,-0.0156811,0.0055589},
{-0.0416647,-0.0157633,0.0063693},
{-0.0415040,-0.0158562,0.0071416},
{-0.0413324,-0.0159567,0.0078750},
{-0.0411535,-0.0160640,0.0085636},
{-0.0409483,-0.0162156,0.0092353},
{-0.0407453,-0.0163775,0.0098284},
{-0.0405374,-0.0165471,0.0103882},
{-0.0403298,-0.0167208,0.0109052},
{-0.0401354,-0.0168759,0.0113735},
{-0.0399305,-0.0170539,0.0118203},
{-0.0397421,-0.0172128,0.0122183},
{-0.0395558,-0.0173561,0.0126136},
{-0.0393699,-0.0175222,0.0129608},
{-0.0392094,-0.0176424,0.0132805},
{-0.0390425,-0.0177723,0.0135953},
{-0.0389148,-0.0178438,0.0138648},
{-0.0387783,-0.0179304,0.0141332},
{-0.0386544,-0.0179932,0.0143904},
{-0.0385411,-0.0180461,0.0146262},
{-0.0384375,-0.0181228,0.0148029},
{-0.0383062,-0.0182663,0.0149659}
};
wOffsetVsWam2 = {
{-0.0049329,0.0073195,-0.0441259},
{-0.0052492,0.0077319,-0.0440189},
{-0.0055229,0.0081552,-0.0439089},
{-0.0057212,0.0085761,-0.0438032},
{-0.0058293,0.0090117,-0.0437014},
{-0.0058993,0.0094424,-0.0436009},
{-0.0059212,0.0098959,-0.0434973},
{-0.0059269,0.0103587,-0.0433886},
{-0.0059076,0.0108277,-0.0432766},
{-0.0058564,0.0113092,-0.0431602},
{-0.0057877,0.0117726,-0.0430454},
{-0.0056566,0.0122486,-0.0429299},
{-0.0054742,0.0127079,-0.0428199},
{-0.0052440,0.0131590,-0.0427123},
{-0.0050076,0.0136335,-0.0425917},
{-0.0047928,0.0140919,-0.0424670},
{-0.0046150,0.0145268,-0.0423400},
{-0.0044132,0.0149522,-0.0422132},
{-0.0042415,0.0153514,-0.0420873},
{-0.0040728,0.0157347,-0.0419622},
{-0.0038532,0.0161043,-0.0418426},
{-0.0036214,0.0164725,-0.0417198},
{-0.0034191,0.0168196,-0.0415982},
{-0.0031941,0.0171498,-0.0414811},
{-0.0030097,0.0174585,-0.0413660},
{-0.0028590,0.0176952,-0.0412760},
{-0.0027320,0.0179177,-0.0411885},
{-0.0026333,0.0181094,-0.0411110},
{-0.0025498,0.0182617,-0.0410489},
{-0.0024662,0.0184257,-0.0409806},
{-0.0024173,0.0186426,-0.0408853}
};
laToWrVsWam2 = {
{-0.2764113,-0.1160212,0.0116551},
{-0.2773354,-0.1136360,0.0131118},
{-0.2782075,-0.1113360,0.0143146},
{-0.2790942,-0.1089860,0.0151148},
{-0.2800298,-0.1065201,0.0153877},
{-0.2808277,-0.1043984,0.0153878},
{-0.2815276,-0.1025546,0.0149918},
{-0.2821525,-0.1009013,0.0144524},
{-0.2826501,-0.0996106,0.0136616},
{-0.2830951,-0.0984794,0.0126085},
{-0.2835873,-0.0971844,0.0115506},
{-0.2841097,-0.0958106,0.0100993},
{-0.2846400,-0.0943925,0.0083757},
{-0.2851723,-0.0929303,0.0063815},
{-0.2856351,-0.0916213,0.0042553},
{-0.2860264,-0.0904642,0.0022616},
{-0.2863625,-0.0894217,0.0005323},
{-0.2866848,-0.0883745,-0.0013309},
{-0.2869949,-0.0873231,-0.0029285},
{-0.2872454,-0.0864266,-0.0045277},
{-0.2875233,-0.0853793,-0.0063835},
{-0.2878361,-0.0841572,-0.0082429},
{-0.2880559,-0.0832132,-0.0099696},
{-0.2883430,-0.0819851,-0.0116932},
{-0.2885824,-0.0809147,-0.0131536},
{-0.2888391,-0.0798126,-0.0142096},
{-0.2890513,-0.0788684,-0.0151364},
{-0.2892713,-0.0779267,-0.0157977},
{-0.2894608,-0.0771099,-0.0163245},
{-0.2895837,-0.0765063,-0.0169719},
{-0.2896210,-0.0762161,-0.0176291}
};
elToWrVsWam2 = {
{-0.2813442,-0.1087017,-0.0324708},
{-0.2825846,-0.1059041,-0.0309070},
{-0.2837303,-0.1031808,-0.0295943},
{-0.2848155,-0.1004098,-0.0286883},
{-0.2858591,-0.0975084,-0.0283137},
{-0.2867270,-0.0949560,-0.0282131},
{-0.2874488,-0.0926587,-0.0285055},
{-0.2880794,-0.0905426,-0.0289362},
{-0.2885577,-0.0887829,-0.0296149},
{-0.2889515,-0.0871702,-0.0305517},
{-0.2893750,-0.0854118,-0.0314948},
{-0.2897664,-0.0835620,-0.0328306},
{-0.2901141,-0.0816847,-0.0344442},
{-0.2904163,-0.0797713,-0.0363308},
{-0.2906428,-0.0779878,-0.0383364},
{-0.2908192,-0.0763723,-0.0402054},
{-0.2909774,-0.0748949,-0.0418077},
{-0.2910980,-0.0734223,-0.0435442},
{-0.2912364,-0.0719717,-0.0450159},
{-0.2913183,-0.0706919,-0.0464900},
{-0.2913764,-0.0692749,-0.0482261},
{-0.2914576,-0.0676847,-0.0499627},
{-0.2914750,-0.0663935,-0.0515678},
{-0.2915371,-0.0648353,-0.0531743},
{-0.2915921,-0.0634562,-0.0545196},
{-0.2916981,-0.0621173,-0.0554855},
{-0.2917833,-0.0609507,-0.0563249},
{-0.2919046,-0.0598173,-0.0569087},
{-0.2920106,-0.0588482,-0.0573733},
{-0.2920499,-0.0580806,-0.0579526},
{-0.2920383,-0.0575735,-0.0585145}
};
wrToEeVsWam2 = {
{-0.0190060,0.0437705,-0.0363719},
{-0.0188170,0.0443139,-0.0358078},
{-0.0185583,0.0448149,-0.0353159},
{-0.0182131,0.0452593,-0.0349267},
{-0.0179897,0.0456364,-0.0345498},
{-0.0176333,0.0460201,-0.0342230},
{-0.0172147,0.0464249,-0.0338878},
{-0.0168789,0.0468967,-0.0334036},
{-0.0164824,0.0475004,-0.0327420},
{-0.0162286,0.0480460,-0.0320657},
{-0.0158620,0.0485543,-0.0314782},
{-0.0156378,0.0488984,-0.0310548},
{-0.0153289,0.0492469,-0.0306557},
{-0.0150039,0.0495554,-0.0303174},
{-0.0146404,0.0498597,-0.0299944},
{-0.0143128,0.0502142,-0.0295581},
{-0.0139692,0.0505929,-0.0290727},
{-0.0136446,0.0510479,-0.0284242},
{-0.0133306,0.0514223,-0.0278934},
{-0.0129949,0.0517593,-0.0274246},
{-0.0127205,0.0520160,-0.0270653},
{-0.0124514,0.0522044,-0.0268266},
{-0.0119828,0.0523674,-0.0267221},
{-0.0116240,0.0524484,-0.0267217},
{-0.0112419,0.0526101,-0.0265668},
{-0.0109363,0.0527287,-0.0264591},
{-0.0106230,0.0529567,-0.0261293},
{-0.0104549,0.0531142,-0.0258763},
{-0.0102435,0.0532728,-0.0256336},
{-0.0101266,0.0534170,-0.0253786},
{-0.0099934,0.0535818,-0.0250823}
};
shoToElVsWam2 = {
{-0.0498453,0.0942034,-0.5414482},
{-0.0622610,0.0956811,-0.5399016},
{-0.0748607,0.0971410,-0.5380376},
{-0.0872989,0.0984027,-0.5359299},
{-0.0994177,0.0996813,-0.5335773},
{-0.1113525,0.1008791,-0.5309887},
{-0.1230032,0.1022858,-0.5281409},
{-0.1346286,0.1037641,-0.5250078},
{-0.1459689,0.1052462,-0.5216717},
{-0.1573157,0.1066691,-0.5180719},
{-0.1681151,0.1080489,-0.5143809},
{-0.1784694,0.1094751,-0.5105770},
{-0.1882763,0.1106764,-0.5067818},
{-0.1975117,0.1117850,-0.5030092},
{-0.2067520,0.1130190,-0.4990043},
{-0.2151172,0.1144014,-0.4951383},
{-0.2230933,0.1157346,-0.4912839},
{-0.2305490,0.1170048,-0.4875264},
{-0.2373562,0.1183664,-0.4839178},
{-0.2439413,0.1194915,-0.4803534},
{-0.2498363,0.1205716,-0.4770422},
{-0.2556402,0.1217099,-0.4736664},
{-0.2609481,0.1227263,-0.4704990},
{-0.2657376,0.1238925,-0.4675031},
{-0.2704721,0.1248973,-0.4645110},
{-0.2743125,0.1257578,-0.4620202},
{-0.2781590,0.1264263,-0.4595312},
{-0.2817278,0.1270491,-0.4571794},
{-0.2849052,0.1274000,-0.4551080},
{-0.2875623,0.1279159,-0.4532885},
{-0.2905069,0.1286982,-0.4511846}
};
shoToLaVsWam2 = {
{-0.0547782,0.1015229,-0.5855741},
{-0.0675102,0.1034130,-0.5839205},
{-0.0803836,0.1052962,-0.5819465},
{-0.0930201,0.1069788,-0.5797330},
{-0.1052471,0.1086929,-0.5772787},
{-0.1172519,0.1103215,-0.5745896},
{-0.1289243,0.1121816,-0.5716382},
{-0.1405554,0.1141229,-0.5683963},
{-0.1518765,0.1160739,-0.5649482},
{-0.1631721,0.1179783,-0.5612321},
{-0.1739027,0.1198215,-0.5574264},
{-0.1841260,0.1217237,-0.5535069},
{-0.1937505,0.1233843,-0.5496017},
{-0.2027557,0.1249440,-0.5457215},
{-0.2117596,0.1266525,-0.5415960},
{-0.2199099,0.1284932,-0.5376053},
{-0.2277082,0.1302614,-0.5336239},
{-0.2349623,0.1319570,-0.5297396},
{-0.2415977,0.1337178,-0.5260051},
{-0.2480141,0.1352263,-0.5223157},
{-0.2536895,0.1366760,-0.5188848},
{-0.2592616,0.1381823,-0.5153862},
{-0.2643673,0.1395460,-0.5120972},
{-0.2689317,0.1410423,-0.5089842},
{-0.2734818,0.1423558,-0.5058770},
{-0.2771715,0.1434530,-0.5032961},
{-0.2808911,0.1443439,-0.5007197},
{-0.2843611,0.1451585,-0.4982904},
{-0.2874549,0.1456617,-0.4961569},
{-0.2900284,0.1463416,-0.4942691},
{-0.2929242,0.1473408,-0.4920699}
};
shoToWrVsWam2 = {
{-0.3311895,-0.0144983,-0.5739190},
{-0.3448456,-0.0102230,-0.5708086},
{-0.3585910,-0.0060398,-0.5676319},
{-0.3721144,-0.0020071,-0.5646182},
{-0.3852769,0.0021728,-0.5618910},
{-0.3980795,0.0059231,-0.5592018},
{-0.4104520,0.0096270,-0.5566464},
{-0.4227080,0.0132215,-0.5539440},
{-0.4345266,0.0164633,-0.5512866},
{-0.4462672,0.0194989,-0.5486236},
{-0.4574901,0.0226371,-0.5458758},
{-0.4682357,0.0259131,-0.5434076},
{-0.4783904,0.0289918,-0.5412260},
{-0.4879280,0.0320137,-0.5393400},
{-0.4973947,0.0350312,-0.5373407},
{-0.5059363,0.0380291,-0.5353437},
{-0.5140707,0.0408397,-0.5330916},
{-0.5216471,0.0435825,-0.5310706},
{-0.5285926,0.0463947,-0.5289336},
{-0.5352595,0.0487996,-0.5268434},
{-0.5412128,0.0512967,-0.5252683},
{-0.5470977,0.0540251,-0.5236291},
{-0.5524231,0.0563328,-0.5220668},
{-0.5572748,0.0590572,-0.5206774},
{-0.5620642,0.0614411,-0.5190306},
{-0.5660106,0.0636405,-0.5175057},
{-0.5699424,0.0654755,-0.5158561},
{-0.5736324,0.0672318,-0.5140881},
{-0.5769158,0.0685518,-0.5124813},
{-0.5796122,0.0698353,-0.5112411},
{-0.5825452,0.0711247,-0.5096990}
};
shoToThVsWam2 = {
{-0.3697656,-0.0599381,-0.5670552},
{-0.3837719,-0.0553913,-0.5641331},
{-0.3979674,-0.0508682,-0.5613144},
{-0.4119536,-0.0464566,-0.5585292},
{-0.4254118,-0.0420363,-0.5559964},
{-0.4386299,-0.0379269,-0.5534709},
{-0.4513403,-0.0339525,-0.5512641},
{-0.4638896,-0.0301322,-0.5489918},
{-0.4760526,-0.0266265,-0.5469429},
{-0.4880019,-0.0234531,-0.5449718},
{-0.4994316,-0.0201728,-0.5430102},
{-0.5103683,-0.0167407,-0.5410621},
{-0.5206646,-0.0135433,-0.5393124},
{-0.5304285,-0.0103126,-0.5378595},
{-0.5400321,-0.0071702,-0.5362944},
{-0.5488380,-0.0039134,-0.5348205},
{-0.5571037,-0.0009712,-0.5331789},
{-0.5648504,0.0019533,-0.5317702},
{-0.5719584,0.0049524,-0.5303325},
{-0.5788267,0.0075946,-0.5288556},
{-0.5848553,0.0101956,-0.5277221},
{-0.5908488,0.0130741,-0.5266041},
{-0.5964104,0.0156620,-0.5253833},
{-0.6014614,0.0186256,-0.5242577},
{-0.6064002,0.0212151,-0.5230532},
{-0.6104942,0.0236140,-0.5218754},
{-0.6146141,0.0256993,-0.5205768},
{-0.6183649,0.0275667,-0.5191555},
{-0.6217013,0.0290043,-0.5179813},
{-0.6244609,0.0303963,-0.5169998},
{-0.6274493,0.0318009,-0.5158025}
};
shoToPiVsWam2 = {
{-0.3856609,-0.0233315,-0.5974741},
{-0.3995379,-0.0182626,-0.5941349},
{-0.4134464,-0.0134893,-0.5907705},
{-0.4271193,-0.0087700,-0.5876121},
{-0.4403950,-0.0040266,-0.5847723},
{-0.4533153,0.0003995,-0.5819725},
{-0.4657020,0.0047785,-0.5795357},
{-0.4779879,0.0090388,-0.5768925},
{-0.4898296,0.0130774,-0.5743107},
{-0.5015571,0.0166779,-0.5717551},
{-0.5126811,0.0203844,-0.5693038},
{-0.5233970,0.0239993,-0.5669356},
{-0.5334844,0.0276425,-0.5649501},
{-0.5429710,0.0311132,-0.5632032},
{-0.5523244,0.0346928,-0.5614782},
{-0.5608252,0.0381418,-0.5595760},
{-0.5688352,0.0415172,-0.5575945},
{-0.5763399,0.0449385,-0.5557050},
{-0.5831705,0.0482026,-0.5537931},
{-0.5897381,0.0510555,-0.5518833},
{-0.5955713,0.0540146,-0.5505224},
{-0.6013166,0.0569620,-0.5491571},
{-0.6064900,0.0597120,-0.5478612},
{-0.6112209,0.0626612,-0.5466932},
{-0.6158372,0.0653785,-0.5453547},
{-0.6196590,0.0678019,-0.5440487},
{-0.6235169,0.0700805,-0.5424749},
{-0.6271237,0.0720640,-0.5408338},
{-0.6302777,0.0736071,-0.5394432},
{-0.6329357,0.0751004,-0.5382389},
{-0.6358061,0.0766075,-0.5367770}
};
shoToEeVsWam2 = {
{-0.3501955,0.0292722,-0.6102909},
{-0.3636627,0.0340909,-0.6066164},
{-0.3771493,0.0387751,-0.6029478},
{-0.3903274,0.0432522,-0.5995449},
{-0.4032665,0.0478092,-0.5964408},
{-0.4157129,0.0519432,-0.5934248},
{-0.4276666,0.0560519,-0.5905342},
{-0.4395868,0.0601182,-0.5873476},
{-0.4510090,0.0639637,-0.5840286},
{-0.4624958,0.0675449,-0.5806893},
{-0.4733520,0.0711914,-0.5773539},
{-0.4838735,0.0748115,-0.5744624},
{-0.4937194,0.0782386,-0.5718817},
{-0.5029319,0.0815691,-0.5696574},
{-0.5120351,0.0848909,-0.5673352},
{-0.5202491,0.0882432,-0.5649019},
{-0.5280399,0.0914326,-0.5621643},
{-0.5352917,0.0946304,-0.5594948},
{-0.5419233,0.0978170,-0.5568271},
{-0.5482544,0.1005589,-0.5542680},
{-0.5539332,0.1033127,-0.5523336},
{-0.5595491,0.1062295,-0.5504557},
{-0.5644059,0.1087002,-0.5487889},
{-0.5688988,0.1115056,-0.5473990},
{-0.5733061,0.1140512,-0.5455975},
{-0.5769469,0.1163692,-0.5439648},
{-0.5805654,0.1184322,-0.5419854},
{-0.5840873,0.1203460,-0.5399644},
{-0.5871593,0.1218245,-0.5381150},
{-0.5897387,0.1232523,-0.5366197},
{-0.5925385,0.1247065,-0.5347813}
};
rMatsCh2 = {
{0.2661453,-0.8150026,0.5147208},
{-0.0923638,-0.5530848,-0.8279892},
{0.9594976,0.1728238,-0.2224776},
{0.2682553,-0.8143513,0.5146563},
{-0.0876281,-0.5526495,-0.8287942},
{0.9593542,0.1772301,-0.2196112},
{0.2696619,-0.8131786,0.5157742},
{-0.0813946,-0.5529474,-0.8292311},
{0.9595089,0.1816308,-0.2152972},
{0.2716492,-0.8123934,0.5159686},
{-0.0769423,-0.5527458,-0.8297903},
{0.9593157,0.1857120,-0.2126604},
{0.2739348,-0.8109744,0.5169915},
{-0.0707236,-0.5530846,-0.8301178},
{0.9591443,0.1908347,-0.2088642},
{0.2763925,-0.8096753,0.5177192},
{-0.0650214,-0.5532247,-0.8304906},
{0.9588427,0.1958786,-0.2055534},
{0.2793673,-0.8081486,0.5185072},
{-0.0580585,-0.5532374,-0.8309979},
{0.9584274,0.2020499,-0.2014763},
{0.2822022,-0.8071552,0.5185194},
{-0.0494301,-0.5520032,-0.8323756},
{0.9580807,0.2092677,-0.1956743},
{0.2861029,-0.8050962,0.5195818},
{-0.0406395,-0.5519559,-0.8328824},
{0.9573367,0.2171745,-0.1906348},
{0.2925912,-0.8030894,0.5190739},
{-0.0347713,-0.5514059,-0.8335122},
{0.9556052,0.2258294,-0.1892609},
{0.3002700,-0.8007051,0.5183718},
{-0.0321492,-0.5516364,-0.8334649},
{0.9533123,0.2335993,-0.1913819},
{0.3088245,-0.7972810,0.5186236},
{-0.0289231,-0.5528973,-0.8327473},
{0.9506792,0.2421725,-0.1938081},
{0.3238605,-0.7896919,0.5210576},
{-0.0251355,-0.5577271,-0.8296437},
{0.9457709,0.2555918,-0.2004751},
{0.3151200,-0.7924922,0.5221643},
{0.0223745,-0.5438392,-0.8388911},
{0.9487881,0.2760345,-0.1536429},
{0.3191498,-0.7890567,0.5249122},
{0.0389062,-0.5425020,-0.8391531},
{0.9469053,0.2882379,-0.1424403},
{0.3135243,-0.7920598,0.5237783},
{0.0214557,-0.5455396,-0.8378103},
{0.9493378,0.2739119,-0.1540457},
{0.3101150,-0.7904547,0.5282140},
{0.0140906,-0.5517233,-0.8339082},
{0.9505946,0.2660503,-0.1599597},
{0.3126410,-0.7885667,0.5295452},
{0.0204168,-0.5517839,-0.8337372},
{0.9496519,0.2714721,-0.1564103},
{0.3159510,-0.7865383,0.5305963},
{0.0282077,-0.5512088,-0.8338904},
{0.9483561,0.2784354,-0.1519685},
{0.3187158,-0.7847337,0.5316138},
{0.0355800,-0.5505623,-0.8340355},
{0.9471823,0.2847351,-0.1475521},
{0.3222028,-0.7826535,0.5325775},
{0.0407200,-0.5506008,-0.8337749},
{0.9457945,0.2903312,-0.1455354},
{0.3246303,-0.7807788,0.5338536},
{0.0467413,-0.5504896,-0.8335325},
{0.9446854,0.2955429,-0.1422110},
{0.3277857,-0.7786817,0.5349872},
{0.0532056,-0.5501589,-0.8333633},
{0.9432527,0.3016289,-0.1389040},
{0.3304850,-0.7765779,0.5363827},
{0.0603220,-0.5497740,-0.8331325},
{0.9418816,0.3076935,-0.1348473},
{0.3332163,-0.7744543,0.5377616},
{0.0661674,-0.5497431,-0.8327091},
{0.9405258,0.3130545,-0.1319397},
{0.3359139,-0.7722147,0.5393017},
{0.0729908,-0.5495087,-0.8322935},
{0.9390603,0.3189430,-0.1282231},
{0.3381876,-0.7699133,0.5411678},
{0.0789682,-0.5498057,-0.8315514},
{0.9377596,0.3239554,-0.1251388},
{0.3413077,-0.7680106,0.5419121},
{0.0837449,-0.5493929,-0.8313569},
{0.9362135,0.3291309,-0.1231951},
{0.3434099,-0.7660535,0.5433522},
{0.0910568,-0.5486530,-0.8310767},
{0.9347611,0.3348759,-0.1186585},
{0.3466927,-0.7636466,0.5446540},
{0.0941227,-0.5494134,-0.8302324},
{0.9332444,0.3390999,-0.1186011},
{0.3483383,-0.7624992,0.5452113},
{0.0978674,-0.5488772,-0.8301541},
{0.9322459,0.3425329,-0.1165711},
{0.0000000,0.0000000,0.0000000},
{0.0000000,0.0000000,0.0000000},
{0.0000000,0.0000000,0.0000000}
};
xyzEulersCh2 = {
{0.6604426,1.8563793,-2.8075547},
{0.6790053,1.8568879,-2.8258608},
{0.7007832,1.8563390,-2.8484491},
{0.7178550,1.8570242,-2.8655808},
{0.7403209,1.8576305,-2.8889330},
{0.7613022,1.8586946,-2.9105437},
{0.7868196,1.8601537,-2.9366880},
{0.8189544,1.8613665,-2.9681931},
{0.8503851,1.8639521,-3.0004917},
{0.8732690,1.8698856,-3.0233083},
{0.8844127,1.8775718,-3.0349314},
{0.8958790,1.8861744,-3.0482095},
{0.9056670,1.9016330,-3.0641357},
{1.0628942,1.8922154,3.0707084},
{1.1118188,1.8981227,3.0202856},
{1.0584892,1.8904708,3.0732654},
{1.0294667,1.8864469,3.0961872},
{1.0480936,1.8894697,3.0763810},
{1.0711875,1.8935799,3.0525500},
{1.0926884,1.8972602,3.0304175},
{1.1061301,1.9015603,3.0158790},
{1.1223133,1.9049587,2.9985922},
{1.1392345,1.9092997,2.9806777},
{1.1577549,1.9134047,2.9610543},
{1.1719286,1.9174179,2.9455706},
{1.1885455,1.9217064,2.9276286},
{1.2021697,1.9254706,2.9121987},
{1.2126358,1.9298962,2.9009813},
{1.2302642,1.9340067,2.8824022},
{1.2343417,1.9382521,2.8764950},
{1.2427701,1.9410215,2.8676985}
};
rMatsChInChF2 = {
{0.5147208,0.8150026,0.2661453},
{-0.8279892,0.5530848,-0.0923638},
{-0.2224776,-0.1728238,0.9594976},
{0.5146563,0.8143513,0.2682553},
{-0.8287942,0.5526495,-0.0876281},
{-0.2196112,-0.1772301,0.9593542},
{0.5157742,0.8131786,0.2696619},
{-0.8292311,0.5529474,-0.0813946},
{-0.2152972,-0.1816308,0.9595089},
{0.5159686,0.8123934,0.2716492},
{-0.8297903,0.5527458,-0.0769423},
{-0.2126604,-0.1857120,0.9593157},
{0.5169915,0.8109744,0.2739348},
{-0.8301178,0.5530846,-0.0707236},
{-0.2088642,-0.1908347,0.9591443},
{0.5177192,0.8096753,0.2763925},
{-0.8304906,0.5532247,-0.0650214},
{-0.2055534,-0.1958786,0.9588427},
{0.5185072,0.8081486,0.2793673},
{-0.8309979,0.5532374,-0.0580585},
{-0.2014763,-0.2020499,0.9584274},
{0.5185194,0.8071552,0.2822022},
{-0.8323756,0.5520032,-0.0494301},
{-0.1956743,-0.2092677,0.9580807},
{0.5195818,0.8050962,0.2861029},
{-0.8328824,0.5519559,-0.0406395},
{-0.1906348,-0.2171745,0.9573367},
{0.5190739,0.8030894,0.2925912},
{-0.8335122,0.5514059,-0.0347713},
{-0.1892609,-0.2258294,0.9556052},
{0.5183718,0.8007051,0.3002700},
{-0.8334649,0.5516364,-0.0321492},
{-0.1913819,-0.2335993,0.9533123},
{0.5186236,0.7972810,0.3088245},
{-0.8327473,0.5528973,-0.0289231},
{-0.1938081,-0.2421725,0.9506792},
{0.5210576,0.7896919,0.3238605},
{-0.8296437,0.5577271,-0.0251355},
{-0.2004751,-0.2555918,0.9457709},
{0.5221643,0.7924922,0.3151200},
{-0.8388911,0.5438392,0.0223745},
{-0.1536429,-0.2760345,0.9487881},
{0.5249122,0.7890567,0.3191498},
{-0.8391531,0.5425020,0.0389062},
{-0.1424403,-0.2882379,0.9469053},
{0.5237783,0.7920598,0.3135243},
{-0.8378103,0.5455396,0.0214557},
{-0.1540457,-0.2739119,0.9493378},
{0.5282140,0.7904547,0.3101150},
{-0.8339082,0.5517233,0.0140906},
{-0.1599597,-0.2660503,0.9505946},
{0.5295452,0.7885667,0.3126410},
{-0.8337372,0.5517839,0.0204168},
{-0.1564103,-0.2714721,0.9496519},
{0.5305963,0.7865383,0.3159510},
{-0.8338904,0.5512088,0.0282077},
{-0.1519685,-0.2784354,0.9483561},
{0.5316138,0.7847337,0.3187158},
{-0.8340355,0.5505623,0.0355800},
{-0.1475521,-0.2847351,0.9471823},
{0.5325775,0.7826535,0.3222028},
