(* /home/sara/Dropbox/Reaching Study/Gilwoo_Automated_v2/csv_only_manual_inspection/2016_12_14_study_4_Part10_1/2016_12_14_study_4_Part10_1_44085_44484_clean_phase2.csv*)
inPtsRPi2 = {
{0.3907000,0.7889000,0.1267000},
{0.3806000,0.7885000,0.1288000},
{0.3706000,0.7879000,0.1307000},
{0.3607000,0.7873000,0.1325000},
{0.3510000,0.7865000,0.1342000},
{0.3415000,0.7856000,0.1357000},
{0.3323000,0.7847000,0.1372000},
{0.3233000,0.7837000,0.1384000},
{0.3145000,0.7826000,0.1395000},
{0.3059000,0.7814000,0.1403000},
{0.2977000,0.7803000,0.1408000},
{0.2898000,0.7792000,0.1411000},
{0.2824000,0.7781000,0.1414000},
{0.2753000,0.7769000,0.1417000},
{0.2686000,0.7757000,0.1419000},
{0.2623000,0.7746000,0.1421000},
{0.2564000,0.7734000,0.1422000},
{0.2508000,0.7723000,0.1422000},
{0.2456000,0.7712000,0.1420000},
{0.2407000,0.7703000,0.1417000},
{0.2362000,0.7695000,0.1412000},
{0.2320000,0.7687000,0.1408000},
{0.2281000,0.7680000,0.1403000},
{0.2245000,0.7674000,0.1398000},
{0.2212000,0.7668000,0.1393000},
{0.2181000,0.7663000,0.1386000},
{0.2153000,0.7658000,0.1380000},
{0.2127000,0.7655000,0.1373000}
};
inPtsRTh2 = {
{0.3963000,0.7469000,0.1590000},
{0.3862000,0.7462000,0.1607000},
{0.3762000,0.7452000,0.1621000},
{0.3664000,0.7441000,0.1634000},
{0.3568000,0.7431000,0.1646000},
{0.3473000,0.7419000,0.1656000},
{0.3381000,0.7405000,0.1665000},
{0.3291000,0.7391000,0.1672000},
{0.3201000,0.7381000,0.1677000},
{0.3116000,0.7366000,0.1679000},
{0.3035000,0.7352000,0.1681000},
{0.2957000,0.7338000,0.1681000},
{0.2881000,0.7324000,0.1682000},
{0.2813000,0.7314000,0.1680000},
{0.2745000,0.7296000,0.1677000},
{0.2682000,0.7282000,0.1675000},
{0.2623000,0.7266000,0.1671000},
{0.2567000,0.7253000,0.1666000},
{0.2518000,0.7241000,0.1657000},
{0.2469000,0.7229000,0.1650000},
{0.2423000,0.7219000,0.1642000},
{0.2382000,0.7210000,0.1635000},
{0.2343000,0.7202000,0.1626000},
{0.2308000,0.7194000,0.1617000},
{0.2275000,0.7186000,0.1607000},
{0.2244000,0.7179000,0.1598000},
{0.2215000,0.7174000,0.1588000},
{0.2189000,0.7170000,0.1579000}
};
inPtsRW2 = {
{0.4368000,0.7988000,0.1482000},
{0.4268000,0.7979000,0.1500000},
{0.4170000,0.7971000,0.1517000},
{0.4072000,0.7960000,0.1534000},
{0.3977000,0.7948000,0.1549000},
{0.3883000,0.7936000,0.1564000},
{0.3791000,0.7922000,0.1577000},
{0.3701000,0.7908000,0.1590000},
{0.3614000,0.7894000,0.1602000},
{0.3529000,0.7880000,0.1611000},
{0.3447000,0.7868000,0.1619000},
{0.3369000,0.7856000,0.1624000},
{0.3294000,0.7843000,0.1629000},
{0.3223000,0.7830000,0.1633000},
{0.3156000,0.7816000,0.1638000},
{0.3093000,0.7803000,0.1642000},
{0.3034000,0.7790000,0.1645000},
{0.2979000,0.7777000,0.1647000},
{0.2926000,0.7765000,0.1647000},
{0.2877000,0.7754000,0.1647000},
{0.2832000,0.7744000,0.1644000},
{0.2789000,0.7736000,0.1641000},
{0.2750000,0.7727000,0.1638000},
{0.2714000,0.7719000,0.1634000},
{0.2680000,0.7712000,0.1630000},
{0.2650000,0.7705000,0.1625000},
{0.2621000,0.7700000,0.1620000},
{0.2595000,0.7696000,0.1615000}
};
inPtsRLA2 = {
{0.5279000,0.8501000,0.1472000},
{0.5184000,0.8486000,0.1487000},
{0.5088000,0.8474000,0.1506000},
{0.4993000,0.8460000,0.1523000},
{0.4901000,0.8443000,0.1539000},
{0.4809000,0.8430000,0.1558000},
{0.4720000,0.8412000,0.1574000},
{0.4631000,0.8398000,0.1593000},
{0.4545000,0.8382000,0.1611000},
{0.4464000,0.8363000,0.1627000},
{0.4384000,0.8348000,0.1644000},
{0.4308000,0.8331000,0.1659000},
{0.4235000,0.8316000,0.1672000},
{0.4165000,0.8302000,0.1685000},
{0.4099000,0.8288000,0.1696000},
{0.4037000,0.8274000,0.1707000},
{0.3978000,0.8261000,0.1718000},
{0.3924000,0.8248000,0.1730000},
{0.3872000,0.8236000,0.1740000},
{0.3824000,0.8224000,0.1749000},
{0.3779000,0.8213000,0.1756000},
{0.3737000,0.8203000,0.1760000},
{0.3699000,0.8194000,0.1762000},
{0.3662000,0.8186000,0.1763000},
{0.3630000,0.8178000,0.1764000},
{0.3599000,0.8171000,0.1764000},
{0.3571000,0.8165000,0.1764000},
{0.3546000,0.8160000,0.1763000}
};
inPtsREl2 = {
{0.6364000,0.8999000,0.1426000},
{0.6268000,0.8982000,0.1435000},
{0.6173000,0.8964000,0.1445000},
{0.6078000,0.8946000,0.1457000},
{0.5986000,0.8928000,0.1471000},
{0.5894000,0.8910000,0.1485000},
{0.5804000,0.8892000,0.1501000},
{0.5716000,0.8875000,0.1518000},
{0.5629000,0.8858000,0.1537000},
{0.5545000,0.8840000,0.1557000},
{0.5464000,0.8823000,0.1575000},
{0.5387000,0.8806000,0.1594000},
{0.5313000,0.8790000,0.1613000},
{0.5244000,0.8774000,0.1631000},
{0.5178000,0.8759000,0.1648000},
{0.5116000,0.8744000,0.1663000},
{0.5056000,0.8731000,0.1679000},
{0.5000000,0.8719000,0.1694000},
{0.4948000,0.8708000,0.1709000},
{0.4898000,0.8698000,0.1723000},
{0.4852000,0.8688000,0.1736000},
{0.4810000,0.8678000,0.1745000},
{0.4771000,0.8669000,0.1753000},
{0.4735000,0.8660000,0.1759000},
{0.4703000,0.8651000,0.1763000},
{0.4673000,0.8643000,0.1767000},
{0.4646000,0.8636000,0.1770000},
{0.4620000,0.8630000,0.1771000}
};
inPtsRUA2 = {
{0.6670000,0.9069000,0.2950000},
{0.6609000,0.9055000,0.2949000},
{0.6548000,0.9040000,0.2948000},
{0.6487000,0.9025000,0.2950000},
{0.6427000,0.9011000,0.2952000},
{0.6367000,0.8997000,0.2954000},
{0.6308000,0.8982000,0.2956000},
{0.6251000,0.8967000,0.2957000},
{0.6195000,0.8951000,0.2959000},
{0.6139000,0.8933000,0.2961000},
{0.6085000,0.8915000,0.2965000},
{0.6032000,0.8896000,0.2969000},
{0.5979000,0.8878000,0.2975000},
{0.5927000,0.8860000,0.2981000},
{0.5874000,0.8845000,0.2988000},
{0.5824000,0.8830000,0.2995000},
{0.5776000,0.8817000,0.3002000},
{0.5730000,0.8805000,0.3008000},
{0.5685000,0.8795000,0.3017000},
{0.5646000,0.8783000,0.3020000},
{0.5608000,0.8772000,0.3023000},
{0.5574000,0.8759000,0.3024000},
{0.5542000,0.8747000,0.3024000},
{0.5513000,0.8735000,0.3025000},
{0.5485000,0.8725000,0.3023000},
{0.5459000,0.8716000,0.3022000},
{0.5436000,0.8706000,0.3019000},
{0.5415000,0.8698000,0.3017000}
};
inPtsRSh2 = {
{0.6717000,0.8513000,0.4572000},
{0.6687000,0.8504000,0.4568000},
{0.6657000,0.8494000,0.4565000},
{0.6627000,0.8484000,0.4561000},
{0.6596000,0.8473000,0.4559000},
{0.6565000,0.8462000,0.4556000},
{0.6533000,0.8451000,0.4552000},
{0.6501000,0.8439000,0.4549000},
{0.6468000,0.8427000,0.4545000},
{0.6436000,0.8415000,0.4543000},
{0.6404000,0.8403000,0.4540000},
{0.6373000,0.8391000,0.4537000},
{0.6343000,0.8378000,0.4535000},
{0.6313000,0.8364000,0.4533000},
{0.6283000,0.8350000,0.4530000},
{0.6253000,0.8336000,0.4527000},
{0.6225000,0.8323000,0.4525000},
{0.6197000,0.8311000,0.4522000},
{0.6171000,0.8299000,0.4519000},
{0.6145000,0.8287000,0.4515000},
{0.6120000,0.8275000,0.4512000},
{0.6094000,0.8263000,0.4508000},
{0.6068000,0.8248000,0.4504000},
{0.6045000,0.8238000,0.4499000},
{0.6023000,0.8229000,0.4494000},
{0.6002000,0.8220000,0.4488000},
{0.5982000,0.8212000,0.4483000},
{0.5963000,0.8204000,0.4478000}
};
inPtsRCh2 = {
{0.6694000,0.7326000,0.4014000},
{0.6673000,0.7319000,0.4010000},
{0.6651000,0.7311000,0.4006000},
{0.6628000,0.7302000,0.4002000},
{0.6605000,0.7293000,0.3999000},
{0.6580000,0.7284000,0.3995000},
{0.6553000,0.7272000,0.3992000},
{0.6523000,0.7254000,0.3988000},
{0.6496000,0.7239000,0.3987000},
{0.6496000,0.7239000,0.3987000},
{0.6487000,0.7245000,0.3972000},
{0.6467000,0.7238000,0.3966000},
{0.6447000,0.7230000,0.3961000},
{0.6428000,0.7221000,0.3956000},
{0.6408000,0.7214000,0.3951000},
{0.6389000,0.7206000,0.3946000},
{0.6370000,0.7197000,0.3940000},
{0.6352000,0.7190000,0.3936000},
{0.6333000,0.7182000,0.3930000},
{0.6316000,0.7174000,0.3926000},
{0.6299000,0.7166000,0.3920000},
{0.6282000,0.7159000,0.3916000},
{0.6266000,0.7151000,0.3910000},
{0.6250000,0.7144000,0.3905000},
{0.6234000,0.7137000,0.3899000},
{0.6219000,0.7130000,0.3894000},
{0.6204000,0.7121000,0.3889000},
{0.6190000,0.7114000,0.3885000}
};
inPtsMCh2 = {
{0.6759000,0.6583000,0.3348000},
{0.6745000,0.6578000,0.3344000},
{0.6731000,0.6571000,0.3339000},
{0.6716000,0.6563000,0.3337000},
{0.6696000,0.6555000,0.3336000},
{0.6670000,0.6536000,0.3333000},
{0.6683000,0.6545000,0.3323000},
{0.6669000,0.6540000,0.3318000},
{0.6655000,0.6533000,0.3313000},
{0.6641000,0.6527000,0.3309000},
{0.6627000,0.6520000,0.3304000},
{0.6615000,0.6514000,0.3299000},
{0.6600000,0.6508000,0.3295000},
{0.6587000,0.6502000,0.3290000},
{0.6573000,0.6495000,0.3286000},
{0.6560000,0.6488000,0.3280000},
{0.6546000,0.6482000,0.3277000},
{0.6533000,0.6475000,0.3272000},
{0.6520000,0.6469000,0.3268000},
{0.6508000,0.6462000,0.3264000},
{0.6495000,0.6456000,0.3260000},
{0.6484000,0.6449000,0.3256000},
{0.6472000,0.6443000,0.3252000},
{0.6460000,0.6437000,0.3248000},
{0.6449000,0.6430000,0.3244000},
{0.6437000,0.6424000,0.3240000},
{0.6427000,0.6418000,0.3236000},
{0.6417000,0.6412000,0.3232000}
};
inPtsLCh2 = {
{0.7155000,0.6011000,0.4227000},
{0.7142000,0.6007000,0.4223000},
{0.7128000,0.6004000,0.4220000},
{0.7115000,0.6000000,0.4218000},
{0.7102000,0.5997000,0.4215000},
{0.7088000,0.5993000,0.4212000},
{0.7074000,0.5990000,0.4209000},
{0.7059000,0.5986000,0.4206000},
{0.7043000,0.5983000,0.4204000},
{0.7028000,0.5979000,0.4203000},
{0.7012000,0.5974000,0.4201000},
{0.6997000,0.5971000,0.4199000},
{0.6981000,0.5966000,0.4197000},
{0.6964000,0.5958000,0.4194000},
{0.6946000,0.5949000,0.4192000},
{0.6931000,0.5944000,0.4190000},
{0.6917000,0.5938000,0.4188000},
{0.6903000,0.5934000,0.4185000},
{0.6889000,0.5928000,0.4182000},
{0.6908000,0.5947000,0.4174000},
{0.6896000,0.5943000,0.4171000},
{0.6885000,0.5938000,0.4168000},
{0.6873000,0.5935000,0.4165000},
{0.6863000,0.5932000,0.4162000},
{0.6852000,0.5929000,0.4160000},
{0.6842000,0.5924000,0.4157000},
{0.6831000,0.5920000,0.4154000},
{0.6821000,0.5915000,0.4151000}
};
inPtsLSh2 = {
{0.7875000,0.5282000,0.4796000},
{0.7863000,0.5282000,0.4796000},
{0.7853000,0.5286000,0.4790000},
{0.7839000,0.5284000,0.4796000},
{0.7826000,0.5285000,0.4796000},
{0.7814000,0.5286000,0.4797000},
{0.7801000,0.5288000,0.4797000},
{0.7789000,0.5290000,0.4797000},
{0.7779000,0.5291000,0.4796000},
{0.7765000,0.5297000,0.4792000},
{0.7754000,0.5294000,0.4797000},
{0.7742000,0.5297000,0.4797000},
{0.7728000,0.5299000,0.4798000},
{0.7716000,0.5301000,0.4798000},
{0.7707000,0.5305000,0.4793000},
{0.7694000,0.5305000,0.4798000},
{0.7681000,0.5305000,0.4799000},
{0.7665000,0.5302000,0.4800000},
{0.7665000,0.5309000,0.4798000},
{0.7655000,0.5314000,0.4793000},
{0.7646000,0.5311000,0.4797000},
{0.7634000,0.5313000,0.4797000},
{0.7628000,0.5316000,0.4792000},
{0.7617000,0.5314000,0.4796000},
{0.7608000,0.5314000,0.4795000},
{0.7599000,0.5314000,0.4795000},
{0.7593000,0.5312000,0.4793000},
{0.7581000,0.5312000,0.4793000}
};
inPtsEeWam2 = {
{0.2791973,0.8262901,-0.1581640},
{0.2638834,0.8259758,-0.1546712},
{0.2486003,0.8256931,-0.1510784},
{0.2335876,0.8252274,-0.1474883},
{0.2193135,0.8245991,-0.1442598},
{0.2051236,0.8238764,-0.1409377},
{0.1913139,0.8230625,-0.1379692},
{0.1780910,0.8222963,-0.1350498},
{0.1653043,0.8214254,-0.1326570},
{0.1526554,0.8205298,-0.1303609},
{0.1405606,0.8197135,-0.1283015},
{0.1290492,0.8189224,-0.1267740},
{0.1183106,0.8180557,-0.1252991},
{0.1082381,0.8173983,-0.1238301},
{0.0987898,0.8167206,-0.1221499},
{0.0900376,0.8160415,-0.1207082},
{0.0815932,0.8152853,-0.1192770},
{0.0739604,0.8145679,-0.1181857},
{0.0666130,0.8141795,-0.1172584},
{0.0598352,0.8138005,-0.1166150},
{0.0537824,0.8134682,-0.1165204},
{0.0480788,0.8133263,-0.1164633},
{0.0432072,0.8134609,-0.1163511},
{0.0384863,0.8132512,-0.1162497},
{0.0342301,0.8131340,-0.1161825},
{0.0304738,0.8129704,-0.1165596},
{0.0269939,0.8130577,-0.1169151},
{0.0238340,0.8131424,-0.1171529}
};
inPtsRPiWam2 = {
{0.2453041,0.7743516,-0.1432813},
{0.2298170,0.7741502,-0.1399908},
{0.2145528,0.7736923,-0.1366737},
{0.1994570,0.7732351,-0.1336328},
{0.1850336,0.7726066,-0.1307052},
{0.1707610,0.7717891,-0.1278711},
{0.1568822,0.7709774,-0.1254396},
{0.1435671,0.7701842,-0.1231944},
{0.1304646,0.7692295,-0.1212651},
{0.1178477,0.7681264,-0.1196344},
{0.1058357,0.7671703,-0.1182053},
{0.0943843,0.7662496,-0.1171913},
{0.0835703,0.7653983,-0.1161532},
{0.0735430,0.7645674,-0.1151900},
{0.0641696,0.7637316,-0.1143436},
{0.0554270,0.7629752,-0.1135149},
{0.0471146,0.7620258,-0.1127684},
{0.0394395,0.7611966,-0.1123087},
{0.0323307,0.7605525,-0.1122607},
{0.0255734,0.7601123,-0.1123155},
{0.0194514,0.7597781,-0.1127008},
{0.0139159,0.7595068,-0.1130436},
{0.0090074,0.7596028,-0.1134975},
{0.0043343,0.7593673,-0.1139334},
{0.0002094,0.7591252,-0.1144483},
{-0.0036179,0.7590061,-0.1152276},
{-0.0070268,0.7589386,-0.1159818},
{-0.0101803,0.7590042,-0.1165972}
};
inPtsRThWam2 = {
{0.2622544,0.7391358,-0.1086748},
{0.2468647,0.7384850,-0.1057448},
{0.2317150,0.7377629,-0.1029914},
{0.2167403,0.7366906,-0.1003998},
{0.2023472,0.7356751,-0.0979716},
{0.1880501,0.7344954,-0.0956064},
{0.1743036,0.7330927,-0.0936893},
{0.1609635,0.7317837,-0.0918525},
{0.1474950,0.7306829,-0.0904595},
{0.1348848,0.7292430,-0.0893955},
{0.1228688,0.7279986,-0.0882160},
{0.1114285,0.7268370,-0.0875073},
{0.1005026,0.7257447,-0.0865924},
{0.0904545,0.7247372,-0.0860393},
{0.0810658,0.7235242,-0.0856403},
{0.0722847,0.7224722,-0.0851561},
{0.0640098,0.7212731,-0.0848556},
{0.0562217,0.7202233,-0.0848735},
{0.0492254,0.7192776,-0.0853962},
{0.0423949,0.7185574,-0.0857960},
{0.0361464,0.7180312,-0.0864387},
{0.0307003,0.7176450,-0.0870057},
{0.0256808,0.7175454,-0.0878099},
{0.0210426,0.7170434,-0.0885984},
{0.0169672,0.7166280,-0.0895137},
{0.0130407,0.7163205,-0.0905075},
{0.0095742,0.7162727,-0.0915759},
{0.0063479,0.7162318,-0.0923671}
};
inPtsRWWam2 = {
{0.2986796,0.7858140,-0.1183882},
{0.2834405,0.7850606,-0.1153843},
{0.2683446,0.7843579,-0.1123283},
{0.2534034,0.7833283,-0.1093859},
{0.2391765,0.7822294,-0.1067062},
{0.2249747,0.7810564,-0.1038919},
{0.2112582,0.7796915,-0.1016210},
{0.1979607,0.7784362,-0.0992519},
{0.1848793,0.7771191,-0.0972484},
{0.1722680,0.7757684,-0.0955506},
{0.1601422,0.7746808,-0.0938252},
{0.1486397,0.7736219,-0.0926554},
{0.1377441,0.7725446,-0.0913716},
{0.1276860,0.7715944,-0.0903073},
{0.1182067,0.7705150,-0.0891646},
{0.1093999,0.7695209,-0.0881361},
{0.1010111,0.7684475,-0.0871963},
{0.0932918,0.7673707,-0.0865831},
{0.0860827,0.7666139,-0.0862996},
{0.0792123,0.7659326,-0.0860667},
{0.0730202,0.7653629,-0.0862584},
{0.0674164,0.7650964,-0.0864644},
{0.0624361,0.7649571,-0.0867262},
{0.0577354,0.7644911,-0.0870620},
{0.0535498,0.7641402,-0.0874362},
{0.0496717,0.7637783,-0.0880715},
{0.0461929,0.7637147,-0.0886897},
{0.0429554,0.7636592,-0.0891211}
};
inPtsRLAWam2 = {
{0.5662231,0.9213283,-0.1258944},
{0.5514945,0.9194897,-0.1240960},
{0.5369881,0.9175397,-0.1219850},
{0.5224784,0.9155855,-0.1197143},
{0.5086430,0.9136765,-0.1171683},
{0.4948046,0.9117447,-0.1144919},
{0.4813617,0.9098457,-0.1118187},
{0.4682879,0.9081664,-0.1089112},
{0.4553891,0.9065342,-0.1059745},
{0.4430470,0.9047107,-0.1028036},
{0.4312328,0.9030355,-0.0997389},
{0.4200424,0.9013883,-0.0966902},
{0.4093441,0.8999370,-0.0935239},
{0.3994961,0.8985557,-0.0905762},
{0.3900898,0.8973131,-0.0878200},
{0.3814006,0.8960422,-0.0853126},
{0.3729683,0.8950112,-0.0826233},
{0.3651448,0.8940830,-0.0802609},
{0.3578636,0.8933644,-0.0779661},
{0.3508649,0.8928204,-0.0758511},
{0.3445752,0.8922679,-0.0738905},
{0.3390345,0.8916992,-0.0724871},
{0.3339885,0.8915293,-0.0712742},
{0.3292738,0.8909223,-0.0702672},
{0.3251827,0.8902219,-0.0695779},
{0.3212884,0.8897182,-0.0690060},
{0.3178963,0.8893021,-0.0685635},
{0.3147105,0.8890021,-0.0681859}
};
inPtsRElWam2 = {
{0.5709753,0.9143947,-0.0816864},
{0.5565232,0.9123229,-0.0799559},
{0.5422457,0.9101303,-0.0779117},
{0.5279378,0.9079147,-0.0757103},
{0.5142289,0.9057225,-0.0732305},
{0.5005175,0.9035075,-0.0706227},
{0.4871341,0.9012984,-0.0680166},
{0.4741112,0.8992879,-0.0651819},
{0.4612162,0.8972978,-0.0623198},
{0.4487894,0.8951033,-0.0592178},
{0.4368989,0.8930734,-0.0562228},
{0.4255573,0.8910455,-0.0532435},
{0.4147242,0.8891993,-0.0501562},
{0.4047313,0.8874397,-0.0472862},
{0.3952295,0.8858344,-0.0446133},
{0.3864436,0.8842379,-0.0421822},
{0.3779086,0.8828405,-0.0395830},
{0.3699827,0.8815607,-0.0373099},
{0.3625637,0.8804687,-0.0351104},
{0.3554540,0.8795534,-0.0330969},
{0.3490045,0.8786329,-0.0312353},
{0.3433295,0.8777836,-0.0299088},
{0.3381992,0.8773089,-0.0287883},
{0.3333793,0.8764701,-0.0278494},
{0.3291832,0.8756019,-0.0272075},
{0.3251885,0.8749014,-0.0266946},
{0.3216876,0.8743264,-0.0262982},
{0.3184325,0.8738808,-0.0259662}
};
inPtsRUAWam2 = {
{0.6110817,0.9347574,-0.0830409},
{0.5966130,0.9326377,-0.0822180},
{0.5823068,0.9303810,-0.0810757},
{0.5679216,0.9281589,-0.0797690},
{0.5541097,0.9259854,-0.0781229},
{0.5402716,0.9238011,-0.0763483},
{0.5267268,0.9216690,-0.0745324},
{0.5135228,0.9197569,-0.0724447},
{0.5004204,0.9178962,-0.0703033},
{0.4877787,0.9158255,-0.0679025},
{0.4756803,0.9138981,-0.0655678},
{0.4641187,0.9119907,-0.0632093},
{0.4530488,0.9103005,-0.0606903},
{0.4428358,0.9086828,-0.0583214},
{0.4331052,0.9072486,-0.0560964},
{0.4241149,0.9057931,-0.0540669},
{0.4153417,0.9046016,-0.0518391},
{0.4071837,0.9035366,-0.0498854},
{0.3995393,0.9026574,-0.0479737},
{0.3922053,0.9019663,-0.0462119},
{0.3855496,0.9012571,-0.0445621},
{0.3797345,0.9005299,-0.0434101},
{0.3744699,0.9002132,-0.0423835},
{0.3695211,0.8994955,-0.0415826},
{0.3652380,0.8986880,-0.0410669},
{0.3611411,0.8980887,-0.0406501},
{0.3575733,0.8975666,-0.0403379},
{0.3542559,0.8971765,-0.0400730}
};
inPtsRShWam2 = {
{0.6717000,0.8513000,0.4572000},
{0.6687000,0.8504000,0.4568000},
{0.6657000,0.8494000,0.4565000},
{0.6627000,0.8484000,0.4561000},
{0.6596000,0.8473000,0.4559000},
{0.6565000,0.8462000,0.4556000},
{0.6533000,0.8451000,0.4552000},
{0.6501000,0.8439000,0.4549000},
{0.6468000,0.8427000,0.4545000},
{0.6436000,0.8415000,0.4543000},
{0.6404000,0.8403000,0.4540000},
{0.6373000,0.8391000,0.4537000},
{0.6343000,0.8378000,0.4535000},
{0.6313000,0.8364000,0.4533000},
{0.6283000,0.8350000,0.4530000},
{0.6253000,0.8336000,0.4527000},
{0.6225000,0.8323000,0.4525000},
{0.6197000,0.8311000,0.4522000},
{0.6171000,0.8299000,0.4519000},
{0.6145000,0.8287000,0.4515000},
{0.6120000,0.8275000,0.4512000},
{0.6094000,0.8263000,0.4508000},
{0.6068000,0.8248000,0.4504000},
{0.6045000,0.8238000,0.4499000},
{0.6023000,0.8229000,0.4494000},
{0.6002000,0.8220000,0.4488000},
{0.5982000,0.8212000,0.4483000},
{0.5963000,0.8204000,0.4478000}
};
shoToUaVsWam2 = {
{-0.0606183,0.0834574,-0.5402409},
{-0.0720870,0.0822377,-0.5390180},
{-0.0833932,0.0809810,-0.5375757},
{-0.0947784,0.0797589,-0.5358690},
{-0.1054903,0.0786854,-0.5340229},
{-0.1162284,0.0776011,-0.5319483},
{-0.1265732,0.0765690,-0.5297324},
{-0.1365772,0.0758569,-0.5273447},
{-0.1463796,0.0751962,-0.5248033},
{-0.1558213,0.0743255,-0.5222025},
{-0.1647197,0.0735981,-0.5195678},
{-0.1731813,0.0728907,-0.5169093},
{-0.1812512,0.0725005,-0.5141903},
{-0.1884642,0.0722828,-0.5116214},
{-0.1951948,0.0722486,-0.5090964},
{-0.2011851,0.0721931,-0.5067669},
{-0.2071583,0.0723016,-0.5043391},
{-0.2125163,0.0724366,-0.5020854},
{-0.2175607,0.0727574,-0.4998737},
{-0.2222947,0.0732663,-0.4977119},
{-0.2264504,0.0737571,-0.4957621},
{-0.2296655,0.0742299,-0.4942101},
{-0.2323301,0.0754132,-0.4927835},
{-0.2349789,0.0756955,-0.4914826},
{-0.2370620,0.0757880,-0.4904669},
{-0.2390589,0.0760887,-0.4894501},
{-0.2406267,0.0763666,-0.4886379},
{-0.2420441,0.0767765,-0.4878730}
};
elOffsetVsWam2 = {
{-0.0401064,-0.0203627,0.0013545},
{-0.0400898,-0.0203148,0.0022621},
{-0.0400612,-0.0202507,0.0031640},
{-0.0399838,-0.0202441,0.0040587},
{-0.0398809,-0.0202628,0.0048924},
{-0.0397541,-0.0202935,0.0057257},
{-0.0395927,-0.0203706,0.0065158},
{-0.0394115,-0.0204691,0.0072628},
{-0.0392042,-0.0205984,0.0079835},
{-0.0389893,-0.0207222,0.0086847},
{-0.0387814,-0.0208247,0.0093451},
{-0.0385614,-0.0209452,0.0099658},
{-0.0383246,-0.0211011,0.0105341},
{-0.0381045,-0.0212432,0.0110352},
{-0.0378757,-0.0214142,0.0114831},
{-0.0376713,-0.0215551,0.0118847},
{-0.0374332,-0.0217611,0.0122561},
{-0.0372010,-0.0219760,0.0125755},
{-0.0369756,-0.0221887,0.0128633},
{-0.0367513,-0.0224129,0.0131150},
{-0.0365450,-0.0226242,0.0133268},
{-0.0364050,-0.0227463,0.0135014},
{-0.0362707,-0.0229044,0.0135952},
{-0.0361418,-0.0230254,0.0137332},
{-0.0360548,-0.0230861,0.0138594},
{-0.0359527,-0.0231873,0.0139555},
{-0.0358857,-0.0232402,0.0140396},
{-0.0358234,-0.0232956,0.0141067}
};
wOffsetVsWam2 = {
{-0.0047522,0.0069335,-0.0442079},
{-0.0050287,0.0071668,-0.0441401},
{-0.0052575,0.0074094,-0.0440733},
{-0.0054594,0.0076707,-0.0440040},
{-0.0055859,0.0079540,-0.0439378},
{-0.0057129,0.0082372,-0.0438692},
{-0.0057724,0.0085473,-0.0438021},
{-0.0058234,0.0088786,-0.0437294},
{-0.0058270,0.0092364,-0.0436547},
{-0.0057424,0.0096074,-0.0435858},
{-0.0056661,0.0099621,-0.0435161},
{-0.0055149,0.0103428,-0.0434467},
{-0.0053801,0.0107376,-0.0433677},
{-0.0052351,0.0111161,-0.0432900},
{-0.0051397,0.0114788,-0.0432067},
{-0.0050430,0.0118043,-0.0431303},
{-0.0049403,0.0121707,-0.0430403},
{-0.0048379,0.0125224,-0.0429510},
{-0.0047001,0.0128957,-0.0428557},
{-0.0045892,0.0132670,-0.0427543},
{-0.0044293,0.0136350,-0.0426552},
{-0.0042950,0.0139155,-0.0425783},
{-0.0042107,0.0142204,-0.0424859},
{-0.0041056,0.0144523,-0.0424179},
{-0.0040004,0.0146200,-0.0423704},
{-0.0039001,0.0148168,-0.0423114},
{-0.0037913,0.0149757,-0.0422653},
{-0.0037220,0.0151212,-0.0422196}
};
laToWrVsWam2 = {
{-0.2675435,-0.1355143,0.0075062},
{-0.2680540,-0.1344291,0.0087118},
{-0.2686436,-0.1331818,0.0096567},
{-0.2690750,-0.1322572,0.0103284},
{-0.2694665,-0.1314471,0.0104621},
{-0.2698299,-0.1306884,0.0106000},
{-0.2701035,-0.1301542,0.0101976},
{-0.2703272,-0.1297302,0.0096593},
{-0.2705098,-0.1294151,0.0087261},
{-0.2707790,-0.1289424,0.0072530},
{-0.2710906,-0.1283547,0.0059137},
{-0.2714028,-0.1277664,0.0040347},
{-0.2716000,-0.1273924,0.0021524},
{-0.2718101,-0.1269613,0.0002690},
{-0.2718831,-0.1267981,-0.0013446},
{-0.2720007,-0.1265213,-0.0028235},
{-0.2719572,-0.1265637,-0.0045730},
{-0.2718530,-0.1267123,-0.0063222},
{-0.2717809,-0.1267505,-0.0083335},
{-0.2716526,-0.1268877,-0.0102155},
{-0.2715551,-0.1269050,-0.0123679},
{-0.2716181,-0.1266028,-0.0139774},
{-0.2715524,-0.1265722,-0.0154520},
{-0.2715383,-0.1264313,-0.0167948},
{-0.2716330,-0.1260817,-0.0178582},
{-0.2716167,-0.1259399,-0.0190655},
{-0.2717034,-0.1255874,-0.0201262},
{-0.2717552,-0.1253429,-0.0209352}
};
elToWrVsWam2 = {
{-0.2722958,-0.1285807,-0.0367017},
{-0.2730827,-0.1272623,-0.0354284},
{-0.2739011,-0.1257723,-0.0344166},
{-0.2745344,-0.1245865,-0.0336756},
{-0.2750524,-0.1234931,-0.0334757},
{-0.2755429,-0.1224512,-0.0332693},
{-0.2758759,-0.1216068,-0.0336044},
{-0.2761505,-0.1208516,-0.0340701},
{-0.2763369,-0.1201787,-0.0349286},
{-0.2765214,-0.1193350,-0.0363328},
{-0.2767567,-0.1183926,-0.0376024},
{-0.2769177,-0.1174236,-0.0394119},
{-0.2769801,-0.1166547,-0.0412154},
{-0.2770453,-0.1158452,-0.0430210},
{-0.2770228,-0.1153193,-0.0445514},
{-0.2770437,-0.1147171,-0.0459539},
{-0.2768975,-0.1143930,-0.0476133},
{-0.2766908,-0.1141899,-0.0492731},
{-0.2764810,-0.1138548,-0.0511892},
{-0.2762418,-0.1136208,-0.0529698},
{-0.2759844,-0.1132699,-0.0550231},
{-0.2759131,-0.1126872,-0.0565557},
{-0.2757631,-0.1123518,-0.0579379},
{-0.2756439,-0.1119790,-0.0592127},
{-0.2756334,-0.1114618,-0.0602287},
{-0.2755168,-0.1111232,-0.0613769},
{-0.2754948,-0.1106117,-0.0623915},
{-0.2754771,-0.1102216,-0.0631548}
};
wrToEeVsWam2 = {
{-0.0194823,0.0404762,-0.0397759},
{-0.0195572,0.0409152,-0.0392870},
{-0.0197442,0.0413352,-0.0387500},
{-0.0198158,0.0418991,-0.0381024},
{-0.0198629,0.0423697,-0.0375536},
{-0.0198510,0.0428200,-0.0370457},
{-0.0199442,0.0433710,-0.0363481},
{-0.0198697,0.0438600,-0.0357979},
{-0.0195750,0.0443063,-0.0354086},
{-0.0196126,0.0447615,-0.0348103},
{-0.0195816,0.0450327,-0.0344763},
{-0.0195904,0.0453005,-0.0341185},
{-0.0194335,0.0455111,-0.0339275},
{-0.0194479,0.0458039,-0.0335228},
{-0.0194168,0.0462056,-0.0329853},
{-0.0193622,0.0465206,-0.0325721},
{-0.0194179,0.0468377,-0.0320807},
{-0.0193314,0.0471972,-0.0316026},
{-0.0194697,0.0475656,-0.0309588},
{-0.0193770,0.0478678,-0.0305483},
{-0.0192378,0.0481053,-0.0302620},
{-0.0193377,0.0482299,-0.0299989},
{-0.0192290,0.0485038,-0.0296249},
{-0.0192491,0.0487601,-0.0291877},
{-0.0193197,0.0489938,-0.0287464},
{-0.0191979,0.0491922,-0.0284881},
{-0.0191989,0.0493430,-0.0282254},
{-0.0191214,0.0494832,-0.0280318}
};
shoToElVsWam2 = {
{-0.1007247,0.0630947,-0.5388864},
{-0.1121768,0.0619229,-0.5367559},
{-0.1234543,0.0607303,-0.5344117},
{-0.1347622,0.0595147,-0.5318103},
{-0.1453711,0.0584225,-0.5291305},
{-0.1559825,0.0573075,-0.5262227},
{-0.1661659,0.0561984,-0.5232166},
{-0.1759888,0.0553879,-0.5200819},
{-0.1855838,0.0545978,-0.5168198},
{-0.1948106,0.0536033,-0.5135178},
{-0.2035011,0.0527734,-0.5102228},
{-0.2117427,0.0519455,-0.5069435},
{-0.2195758,0.0513993,-0.5036562},
{-0.2265687,0.0510397,-0.5005862},
{-0.2330705,0.0508344,-0.4976133},
{-0.2388564,0.0506379,-0.4948822},
{-0.2445914,0.0505405,-0.4920830},
{-0.2497173,0.0504607,-0.4895099},
{-0.2545363,0.0505687,-0.4870104},
{-0.2590460,0.0508534,-0.4845969},
{-0.2629955,0.0511329,-0.4824353},
{-0.2660705,0.0514836,-0.4807088},
{-0.2686008,0.0525089,-0.4791883},
{-0.2711207,0.0526701,-0.4777494},
{-0.2731168,0.0527019,-0.4766075},
{-0.2750115,0.0529014,-0.4754946},
{-0.2765124,0.0531264,-0.4745982},
{-0.2778675,0.0534808,-0.4737662}
};
shoToLaVsWam2 = {
{-0.1054769,0.0700283,-0.5830944},
{-0.1172055,0.0690897,-0.5808960},
{-0.1287119,0.0681397,-0.5784850},
{-0.1402216,0.0671855,-0.5758143},
{-0.1509570,0.0663765,-0.5730683},
{-0.1616954,0.0655447,-0.5700919},
{-0.1719383,0.0647457,-0.5670187},
{-0.1818121,0.0642664,-0.5638112},
{-0.1914109,0.0638342,-0.5604745},
{-0.2005530,0.0632107,-0.5571036},
{-0.2091672,0.0627355,-0.5537389},
{-0.2172576,0.0622883,-0.5503902},
{-0.2249559,0.0621370,-0.5470239},
{-0.2318039,0.0621557,-0.5438762},
{-0.2382102,0.0623131,-0.5408200},
{-0.2438994,0.0624422,-0.5380126},
{-0.2495317,0.0627112,-0.5351233},
{-0.2545552,0.0629830,-0.5324609},
{-0.2592364,0.0634644,-0.5298661},
{-0.2636351,0.0641204,-0.5273511},
{-0.2674248,0.0647679,-0.5250905},
{-0.2703655,0.0653992,-0.5232871},
{-0.2728115,0.0667293,-0.5216742},
{-0.2752262,0.0671223,-0.5201672},
{-0.2771173,0.0673219,-0.5189779},
{-0.2789116,0.0677182,-0.5178060},
{-0.2803037,0.0681021,-0.5168635},
{-0.2815895,0.0686021,-0.5159859}
};
shoToWrVsWam2 = {
{-0.3730204,-0.0654860,-0.5755882},
{-0.3852595,-0.0653394,-0.5721843},
{-0.3973554,-0.0650421,-0.5688283},
{-0.4092966,-0.0650717,-0.5654859},
{-0.4204235,-0.0650706,-0.5626062},
{-0.4315253,-0.0651436,-0.5594919},
{-0.4420418,-0.0654085,-0.5568210},
{-0.4521393,-0.0654638,-0.5541519},
{-0.4619207,-0.0655809,-0.5517484},
{-0.4713320,-0.0657316,-0.5498506},
{-0.4802578,-0.0656192,-0.5478252},
{-0.4886603,-0.0654781,-0.5463554},
{-0.4965559,-0.0652554,-0.5448716},
{-0.5036140,-0.0648056,-0.5436073},
{-0.5100933,-0.0644850,-0.5421646},
{-0.5159001,-0.0640791,-0.5408361},
{-0.5214889,-0.0638525,-0.5396963},
{-0.5264082,-0.0637293,-0.5387831},
{-0.5310173,-0.0632861,-0.5381996},
{-0.5352877,-0.0627674,-0.5375667},
{-0.5389798,-0.0621371,-0.5374584},
{-0.5419836,-0.0612036,-0.5372644},
{-0.5443639,-0.0598429,-0.5371262},
{-0.5467646,-0.0593089,-0.5369620},
{-0.5487502,-0.0587598,-0.5368362},
{-0.5505283,-0.0582217,-0.5368715},
{-0.5520071,-0.0574853,-0.5369897},
{-0.5533446,-0.0567408,-0.5369211}
};
shoToThVsWam2 = {
{-0.4094456,-0.1121642,-0.5658748},
{-0.4218353,-0.1119150,-0.5625448},
{-0.4339850,-0.1116371,-0.5594914},
{-0.4459597,-0.1117094,-0.5564998},
{-0.4572528,-0.1116249,-0.5538716},
{-0.4684499,-0.1117046,-0.5512064},
{-0.4789964,-0.1120073,-0.5488893},
{-0.4891365,-0.1121163,-0.5467525},
{-0.4993050,-0.1120171,-0.5449595},
{-0.5087152,-0.1122570,-0.5436955},
{-0.5175312,-0.1123014,-0.5422160},
{-0.5258715,-0.1122630,-0.5412073},
{-0.5337974,-0.1120553,-0.5400924},
{-0.5408455,-0.1116628,-0.5393393},
{-0.5472342,-0.1114758,-0.5386403},
{-0.5530153,-0.1111278,-0.5378561},
{-0.5584902,-0.1110269,-0.5373556},
{-0.5634783,-0.1108767,-0.5370735},
{-0.5678746,-0.1106224,-0.5372962},
{-0.5721051,-0.1101426,-0.5372960},
{-0.5758536,-0.1094688,-0.5376387},
{-0.5786997,-0.1086550,-0.5378057},
{-0.5811192,-0.1072546,-0.5382099},
{-0.5834574,-0.1067566,-0.5384984},
{-0.5853328,-0.1062720,-0.5389137},
{-0.5871593,-0.1056795,-0.5393075},
{-0.5886258,-0.1049273,-0.5398759},
{-0.5899521,-0.1041682,-0.5401671}
};
shoToPiVsWam2 = {
{-0.4263959,-0.0769484,-0.6004813},
{-0.4388830,-0.0762498,-0.5967908},
{-0.4511472,-0.0757077,-0.5931737},
{-0.4632430,-0.0751649,-0.5897328},
{-0.4745664,-0.0746934,-0.5866052},
{-0.4857390,-0.0744109,-0.5834711},
{-0.4964178,-0.0741226,-0.5806396},
{-0.5065329,-0.0737158,-0.5780944},
{-0.5163354,-0.0734705,-0.5757651},
{-0.5257523,-0.0733736,-0.5739344},
{-0.5345643,-0.0731297,-0.5722053},
{-0.5429157,-0.0728504,-0.5708913},
{-0.5507297,-0.0724017,-0.5696532},
{-0.5577570,-0.0718326,-0.5684900},
{-0.5641304,-0.0712684,-0.5673436},
{-0.5698730,-0.0706248,-0.5662149},
{-0.5753854,-0.0702742,-0.5652684},
{-0.5802605,-0.0699034,-0.5645087},
{-0.5847693,-0.0693475,-0.5641607},
{-0.5889266,-0.0685877,-0.5638155},
{-0.5925486,-0.0677219,-0.5639008},
{-0.5954841,-0.0667932,-0.5638436},
{-0.5977926,-0.0651972,-0.5638975},
{-0.6001657,-0.0644327,-0.5638334},
{-0.6020906,-0.0637748,-0.5638483},
{-0.6038179,-0.0629939,-0.5640276},
{-0.6052268,-0.0622614,-0.5642818},
{-0.6064803,-0.0613958,-0.5643972}
};
shoToEeVsWam2 = {
{-0.3925027,-0.0250099,-0.6153640},
{-0.4048166,-0.0244242,-0.6114712},
{-0.4170997,-0.0237069,-0.6075784},
{-0.4291124,-0.0231726,-0.6035883},
{-0.4402865,-0.0227009,-0.6001598},
{-0.4513764,-0.0223236,-0.5965377},
{-0.4619861,-0.0220375,-0.5931692},
{-0.4720090,-0.0216037,-0.5899498},
{-0.4814957,-0.0212746,-0.5871570},
{-0.4909446,-0.0209702,-0.5846609},
{-0.4998394,-0.0205865,-0.5823015},
{-0.5082508,-0.0201776,-0.5804740},
{-0.5159894,-0.0197443,-0.5787991},
{-0.5230619,-0.0190017,-0.5771301},
{-0.5295102,-0.0182794,-0.5751499},
{-0.5352624,-0.0175585,-0.5734082},
{-0.5409068,-0.0170147,-0.5717770},
{-0.5457396,-0.0165321,-0.5703857},
{-0.5504870,-0.0157205,-0.5691584},
{-0.5546648,-0.0148995,-0.5681150},
{-0.5582176,-0.0140318,-0.5677204},
{-0.5613212,-0.0129737,-0.5672633},
{-0.5635928,-0.0113391,-0.5667511},
{-0.5660137,-0.0105488,-0.5661497},
{-0.5680699,-0.0097660,-0.5655825},
{-0.5697262,-0.0090296,-0.5653596},
{-0.5712061,-0.0081423,-0.5652151},
{-0.5724660,-0.0072576,-0.5649529}
};
rMatsCh2 = {
{0.1925825,0.1555385,0.9688755},
{0.3153036,-0.9448080,0.0890023},
{0.9292447,0.2883496,-0.2309953},
{0.1885464,0.1552988,0.9697075},
{0.3212140,-0.9428582,0.0885432},
{0.9280473,0.2947891,-0.2276567},
{0.1831336,0.1564520,0.9705590},
{0.3277506,-0.9404905,0.0897621},
{0.9268450,0.3016629,-0.2235126},
{0.1792654,0.1585473,0.9709411},
{0.3353321,-0.9376750,0.0912026},
{0.9248872,0.3092382,-0.2212586},
{0.1816813,0.1613068,0.9700371},
{0.3427800,-0.9349710,0.0912754},
{0.9216799,0.3159263,-0.2251595},
{0.1903236,0.1725297,0.9664422},
{0.3510504,-0.9313058,0.0971240},
{0.9168100,0.3207850,-0.2378161},
{0.1465945,0.1549307,0.9769885},
{0.3633007,-0.9270685,0.0925021},
{0.9200666,0.3413803,-0.1921896},
{0.1342284,0.1499092,0.9795458},
{0.3762583,-0.9221751,0.0895701},
{0.9167401,0.3565394,-0.1801867},
{0.1238360,0.1468349,0.9813787},
{0.3867069,-0.9179419,0.0885465},
{0.9138503,0.3685407,-0.1704563},
{0.1324493,0.1495195,0.9798475},
{0.3761083,-0.9222058,0.0898839},
{0.9170604,0.3566237,-0.1783810},
{0.1351963,0.1593157,0.9779266},
{0.3684346,-0.9242981,0.0996437},
{0.9197706,0.3468305,-0.1836591},
{0.1280105,0.1604456,0.9787086},
{0.3727861,-0.9222464,0.1024308},
{0.9190451,0.3517367,-0.1778691},
{0.1237564,0.1605560,0.9792375},
{0.3760188,-0.9208185,0.1034562},
{0.9183105,0.3554083,-0.1743293},
{0.1170086,0.1583248,0.9804296},
{0.3777400,-0.9201085,0.1035028},
{0.9184887,0.3582367,-0.1674662},
{0.1105421,0.1575273,0.9813081},
{0.3787435,-0.9195323,0.1049460},
{0.9188764,0.3600632,-0.1613095},
{0.1050052,0.1578324,0.9818670},
{0.3821449,-0.9179235,0.1066854},
{0.9181172,0.3640129,-0.1567016},
{0.1011953,0.1577695,0.9822771},
{0.3858590,-0.9162828,0.1074181},
{0.9169909,0.3681502,-0.1536003},
{0.0973806,0.1585837,0.9825315},
{0.3893362,-0.9146195,0.1090346},
{0.9159336,0.3719173,-0.1508085},
{0.0925474,0.1583051,0.9830435},
{0.3930004,-0.9129333,0.1100164},
{0.9148692,0.3761547,-0.1467036},
{0.1081586,0.1709237,0.9793298},
{0.4209654,-0.9003039,0.1106392},
{0.9006053,0.4002973,-0.1693285},
{0.1057729,0.1718064,0.9794359},
{0.4249233,-0.8983129,0.1116872},
{0.8990285,0.4043717,-0.1680217},
{0.1019666,0.1724164,0.9797323},
{0.4292778,-0.8960736,0.1130163},
{0.8973981,0.4090534,-0.1653841},
{0.0991107,0.1735816,0.9798196},
{0.4329835,-0.8940878,0.1145965},
{0.8959366,0.4128880,-0.1637716},
{0.0974857,0.1749623,0.9797371},
{0.4375809,-0.8917041,0.1157012},
{0.8938789,0.4174350,-0.1634885},
{0.0941230,0.1773782,0.9796315},
{0.4416152,-0.8893316,0.1185975},
{0.8922538,0.4214574,-0.1620394},
{0.0929830,0.1779849,0.9796303},
{0.4449825,-0.8875940,0.1190271},
{0.8906990,0.4248509,-0.1617314},
{0.0888366,0.1777662,0.9800547},
{0.4488526,-0.8855209,0.1199333},
{0.8891791,0.4292456,-0.1584575},
{0.0860984,0.1776775,0.9803151},
{0.4518645,-0.8839083,0.1205182},
{0.8879220,0.4325932,-0.1563892},
{0.0000000,0.0000000,0.0000000},
{0.0000000,0.0000000,0.0000000},
{0.0000000,0.0000000,0.0000000}
};
xyzEulersCh2 = {
{0.8953884,1.9492295,2.1191077},
{0.9131944,1.9524572,2.1015877},
{0.9331220,1.9556724,2.0803394},
{0.9497461,1.9608538,2.0617319},
{0.9516001,1.9692041,2.0581729},
{0.9328499,1.9815755,2.0675962},
{1.0580439,1.9733421,1.9543227},
{1.1028566,1.9817504,1.9134677},
{1.1375823,1.9889252,1.8807098},
{1.1069936,1.9809479,1.9093917},
{1.0838005,1.9740972,1.9224889},
{1.1026085,1.9759417,1.9015692},
{1.1147742,1.9778014,1.8887528},
{1.1335067,1.9773510,1.8711827},
{1.1496041,1.9763696,1.8547735},
{1.1642903,1.9782895,1.8389566},
{1.1755322,1.9811221,1.8272800},
{1.1855666,1.9837646,1.8158874},
{1.1989328,1.9864087,1.8020719},
{1.1706150,2.0204325,1.8222865},
{1.1769886,2.0240468,1.8147604},
{1.1865805,2.0277560,1.8040052},
{1.1931820,2.0310573,1.7958215},
{1.1975086,2.0356684,1.7899998},
{1.2037456,2.0392804,1.7807877},
{1.2070570,2.0427121,1.7767912},
{1.2171612,2.0460448,1.7661905},
{1.2238997,2.0487848,1.7590796}
};
rMatsChInChF2 = {
{0.9688755,-0.1555385,0.1925825},
{0.0890023,0.9448080,0.3153036},
{-0.2309953,-0.2883496,0.9292447},
{0.9697075,-0.1552988,0.1885464},
{0.0885432,0.9428582,0.3212140},
{-0.2276567,-0.2947891,0.9280473},
{0.9705590,-0.1564520,0.1831336},
{0.0897621,0.9404905,0.3277506},
{-0.2235126,-0.3016629,0.9268450},
{0.9709411,-0.1585473,0.1792654},
{0.0912026,0.9376750,0.3353321},
{-0.2212586,-0.3092382,0.9248872},
{0.9700371,-0.1613068,0.1816813},
{0.0912754,0.9349710,0.3427800},
{-0.2251595,-0.3159263,0.9216799},
{0.9664422,-0.1725297,0.1903236},
{0.0971240,0.9313058,0.3510504},
{-0.2378161,-0.3207850,0.9168100},
{0.9769885,-0.1549307,0.1465945},
{0.0925021,0.9270685,0.3633007},
{-0.1921896,-0.3413803,0.9200666},
{0.9795458,-0.1499092,0.1342284},
{0.0895701,0.9221751,0.3762583},
{-0.1801867,-0.3565394,0.9167401},
{0.9813787,-0.1468349,0.1238360},
{0.0885465,0.9179419,0.3867069},
{-0.1704563,-0.3685407,0.9138503},
{0.9798475,-0.1495195,0.1324493},
{0.0898839,0.9222058,0.3761083},
{-0.1783810,-0.3566237,0.9170604},
{0.9779266,-0.1593157,0.1351963},
{0.0996437,0.9242981,0.3684346},
{-0.1836591,-0.3468305,0.9197706},
{0.9787086,-0.1604456,0.1280105},
{0.1024308,0.9222464,0.3727861},
{-0.1778691,-0.3517367,0.9190451},
{0.9792375,-0.1605560,0.1237564},
{0.1034562,0.9208185,0.3760188},
{-0.1743293,-0.3554083,0.9183105},
{0.9804296,-0.1583248,0.1170086},
{0.1035028,0.9201085,0.3777400},
{-0.1674662,-0.3582367,0.9184887},
{0.9813081,-0.1575273,0.1105421},
{0.1049460,0.9195323,0.3787435},
{-0.1613095,-0.3600632,0.9188764},
{0.9818670,-0.1578324,0.1050052},
{0.1066854,0.9179235,0.3821449},
{-0.1567016,-0.3640129,0.9181172},
{0.9822771,-0.1577695,0.1011953},
{0.1074181,0.9162828,0.3858590},
{-0.1536003,-0.3681502,0.9169909},
{0.9825315,-0.1585837,0.0973806},
{0.1090346,0.9146195,0.3893362},
{-0.1508085,-0.3719173,0.9159336},
{0.9830435,-0.1583051,0.0925474},
{0.1100164,0.9129333,0.3930004},
{-0.1467036,-0.3761547,0.9148692},
{0.9793298,-0.1709237,0.1081586},
{0.1106392,0.9003039,0.4209654},
{-0.1693285,-0.4002973,0.9006053},
{0.9794359,-0.1718064,0.1057729},
{0.1116872,0.8983129,0.4249233},
{-0.1680217,-0.4043717,0.8990285},
{0.9797323,-0.1724164,0.1019666},
{0.1130163,0.8960736,0.4292778},
{-0.1653841,-0.4090534,0.8973981},
{0.9798196,-0.1735816,0.0991107},
{0.1145965,0.8940878,0.4329835},
{-0.1637716,-0.4128880,0.8959366},
{0.9797371,-0.1749623,0.0974857},
{0.1157012,0.8917041,0.4375809},
{-0.1634885,-0.4174350,0.8938789},
{0.9796315,-0.1773782,0.0941230},
{0.1185975,0.8893316,0.4416152},
{-0.1620394,-0.4214574,0.8922538},
{0.9796303,-0.1779849,0.0929830},
{0.1190271,0.8875940,0.4449825},
{-0.1617314,-0.4248509,0.8906990},
{0.9800547,-0.1777662,0.0888366},
{0.1199333,0.8855209,0.4488526},
{-0.1584575,-0.4292456,0.8891791},
{0.9803151,-0.1776775,0.0860984},
{0.1205182,0.8839083,0.4518645},
{-0.1563892,-0.4325932,0.8879220}
};
xyzEulersChInChF2 = {
{0.3271214,-0.1937932,-0.1591770},
{0.3332124,-0.1896818,-0.1588017},
{0.3398958,-0.1841730,-0.1598229},
{0.3478248,-0.1802397,-0.1618638},
{0.3560570,-0.1826959,-0.1647815},
{0.3656824,-0.1914917,-0.1766595},
{0.3760705,-0.1471247,-0.1572702},
{0.3894660,-0.1346348,-0.1518613},
{0.4003130,-0.1241547,-0.1485193},
{0.3892032,-0.1328396,-0.1514265},
{0.3809996,-0.1356115,-0.1614930},
{0.3853446,-0.1283627,-0.1624907},
{0.3886417,-0.1240745,-0.1625143},
{0.3901776,-0.1172773,-0.1601030},
{0.3909631,-0.1107685,-0.1591699},
{0.3944162,-0.1051991,-0.1593838},
{0.3982978,-0.1013689,-0.1592559},
{0.4019302,-0.0975351,-0.1600231},
{0.4057351,-0.0926800,-0.1596650},
{0.4372497,-0.1083706,-0.1727909},
{0.4415269,-0.1059711,-0.1736469},
{0.4461848,-0.1021442,-0.1741994},
{0.4501780,-0.0992737,-0.1753375},
{0.4552369,-0.0976407,-0.1767180},
{0.4595942,-0.0942625,-0.1791255},
{0.4633179,-0.0931176,-0.1797254},
{0.4674758,-0.0889539,-0.1794332},
{0.4707431,-0.0862051,-0.1792988}
};
inPtsRPi2inCh = {
{0.3207028,-0.6108934,0.5612678},
{0.3191122,-0.6097853,0.5563339},
{0.3179899,-0.6078161,0.5519558},
{0.3181350,-0.6051929,0.5477533},
{0.3208169,-0.6027897,0.5417693},
{0.3316810,-0.5985704,0.5328276},
{0.3043303,-0.5940545,0.5472509},
{0.2964490,-0.5886678,0.5508642},
{0.2907617,-0.5844097,0.5520472},
{0.2948234,-0.5929494,0.5341677},
{0.3022541,-0.5975170,0.5185884},
{0.3002125,-0.5961280,0.5153152},
{0.2983416,-0.5956724,0.5112239},
{0.2941419,-0.5961742,0.5074441},
{0.2911332,-0.5966589,0.5032214},
{0.2893232,-0.5956269,0.5005193},
{0.2876452,-0.5944440,0.4980019},
{0.2866132,-0.5932104,0.4955029},
{0.2844067,-0.5919109,0.4939505},
{0.2964673,-0.5765002,0.5011309},
{0.2954849,-0.5751147,0.4997899},
{0.2941390,-0.5733066,0.4993497},
{0.2933865,-0.5718180,0.4984839},
{0.2931189,-0.5698818,0.4981597},
{0.2932962,-0.5677335,0.4979680},
{0.2924462,-0.5666155,0.4974087},
{0.2905075,-0.5649432,0.4982894},
{0.2889225,-0.5639730,0.4985389}
};
inPtsRTh2inCh = {
{0.3465434,-0.5665710,0.5468998},
{0.3445326,-0.5652791,0.5417991},
{0.3428105,-0.5630033,0.5372469},
{0.3423096,-0.5599558,0.5328292},
{0.3443591,-0.5574491,0.5265590},
{0.3541420,-0.5529322,0.5170161},
{0.3269584,-0.5482606,0.5318671},
{0.3187525,-0.5427769,0.5350902},
{0.3125959,-0.5388988,0.5359579},
{0.3159236,-0.5470099,0.5184949},
{0.3225505,-0.5509740,0.5032671},
{0.3201086,-0.5492930,0.4999662},
{0.3179532,-0.5486751,0.4955441},
{0.3134255,-0.5493207,0.4922509},
{0.3098411,-0.5493262,0.4878820},
{0.3075587,-0.5480708,0.4850657},
{0.3053173,-0.5466107,0.4823581},
{0.3037081,-0.5452657,0.4797470},
{0.3008225,-0.5438678,0.4784289},
{0.3118545,-0.5286379,0.4837952},
{0.3104792,-0.5271941,0.4821614},
{0.3087869,-0.5253369,0.4816475},
{0.3075538,-0.5238406,0.4806506},
{0.3067911,-0.5217894,0.4801739},
