(* /home/sara/Dropbox/Reaching Study/Gilwoo_Automated_v2/csv_only_manual_inspection/2016_12_14_study_4_Part10_1/2016_12_14_study_4_Part10_1_7971_8188_clean_phase2.csv*)
inPtsRPi2 = {
{0.4222000,0.8145000,0.1467000},
{0.4109000,0.8179000,0.1488000},
{0.3996000,0.8213000,0.1508000},
{0.3884000,0.8246000,0.1527000},
{0.3771000,0.8278000,0.1547000},
{0.3660000,0.8309000,0.1567000},
{0.3549000,0.8340000,0.1586000},
{0.3437000,0.8370000,0.1605000},
{0.3327000,0.8400000,0.1621000},
{0.3217000,0.8429000,0.1637000},
{0.3109000,0.8456000,0.1651000},
{0.3001000,0.8484000,0.1664000},
{0.2895000,0.8509000,0.1676000},
{0.2791000,0.8534000,0.1687000},
{0.2691000,0.8559000,0.1698000},
{0.2595000,0.8582000,0.1708000},
{0.2502000,0.8605000,0.1717000},
{0.2412000,0.8625000,0.1726000},
{0.2325000,0.8644000,0.1733000},
{0.2240000,0.8662000,0.1738000},
{0.2158000,0.8678000,0.1743000},
{0.2079000,0.8693000,0.1745000},
{0.2004000,0.8706000,0.1747000},
{0.1933000,0.8717000,0.1748000},
{0.1866000,0.8726000,0.1750000},
{0.1803000,0.8732000,0.1751000},
{0.1743000,0.8736000,0.1753000},
{0.1686000,0.8737000,0.1755000},
{0.1631000,0.8737000,0.1755000},
{0.1580000,0.8736000,0.1753000},
{0.1531000,0.8735000,0.1749000}
};
inPtsRTh2 = {
{0.4280000,0.7673000,0.1708000},
{0.4163000,0.7707000,0.1728000},
{0.4045000,0.7739000,0.1747000},
{0.3928000,0.7772000,0.1765000},
{0.3814000,0.7803000,0.1781000},
{0.3700000,0.7832000,0.1796000},
{0.3584000,0.7860000,0.1810000},
{0.3469000,0.7887000,0.1824000},
{0.3354000,0.7915000,0.1837000},
{0.3239000,0.7941000,0.1849000},
{0.3125000,0.7967000,0.1859000},
{0.3012000,0.7992000,0.1867000},
{0.2902000,0.8016000,0.1874000},
{0.2795000,0.8039000,0.1880000},
{0.2692000,0.8061000,0.1885000},
{0.2592000,0.8083000,0.1891000},
{0.2495000,0.8103000,0.1896000},
{0.2400000,0.8122000,0.1902000},
{0.2310000,0.8141000,0.1905000},
{0.2222000,0.8158000,0.1908000},
{0.2136000,0.8174000,0.1910000},
{0.2054000,0.8188000,0.1910000},
{0.1975000,0.8201000,0.1910000},
{0.1901000,0.8212000,0.1909000},
{0.1831000,0.8219000,0.1906000},
{0.1765000,0.8224000,0.1902000},
{0.1704000,0.8226000,0.1897000},
{0.1646000,0.8225000,0.1891000},
{0.1592000,0.8224000,0.1884000},
{0.1540000,0.8222000,0.1878000},
{0.1491000,0.8219000,0.1873000}
};
inPtsRW2 = {
{0.4718000,0.8225000,0.1650000},
{0.4608000,0.8253000,0.1669000},
{0.4497000,0.8280000,0.1687000},
{0.4386000,0.8307000,0.1705000},
{0.4275000,0.8333000,0.1722000},
{0.4164000,0.8357000,0.1740000},
{0.4054000,0.8381000,0.1759000},
{0.3943000,0.8404000,0.1776000},
{0.3833000,0.8427000,0.1794000},
{0.3724000,0.8449000,0.1812000},
{0.3615000,0.8471000,0.1829000},
{0.3508000,0.8491000,0.1845000},
{0.3402000,0.8511000,0.1860000},
{0.3298000,0.8531000,0.1873000},
{0.3197000,0.8549000,0.1885000},
{0.3099000,0.8566000,0.1896000},
{0.3003000,0.8582000,0.1906000},
{0.2911000,0.8596000,0.1917000},
{0.2822000,0.8610000,0.1926000},
{0.2737000,0.8623000,0.1936000},
{0.2654000,0.8635000,0.1945000},
{0.2575000,0.8646000,0.1953000},
{0.2499000,0.8656000,0.1960000},
{0.2427000,0.8663000,0.1966000},
{0.2358000,0.8668000,0.1972000},
{0.2294000,0.8671000,0.1976000},
{0.2233000,0.8671000,0.1981000},
{0.2175000,0.8668000,0.1985000},
{0.2120000,0.8666000,0.1987000},
{0.2069000,0.8663000,0.1989000},
{0.2020000,0.8662000,0.1990000}
};
inPtsRLA2 = {
{0.5655000,0.8709000,0.1517000},
{0.5551000,0.8723000,0.1534000},
{0.5446000,0.8739000,0.1551000},
{0.5340000,0.8755000,0.1568000},
{0.5234000,0.8770000,0.1587000},
{0.5129000,0.8786000,0.1607000},
{0.5023000,0.8801000,0.1629000},
{0.4918000,0.8815000,0.1653000},
{0.4814000,0.8829000,0.1678000},
{0.4711000,0.8841000,0.1704000},
{0.4608000,0.8852000,0.1730000},
{0.4506000,0.8863000,0.1757000},
{0.4406000,0.8873000,0.1784000},
{0.4307000,0.8883000,0.1809000},
{0.4210000,0.8892000,0.1833000},
{0.4115000,0.8900000,0.1855000},
{0.4023000,0.8905000,0.1877000},
{0.3934000,0.8910000,0.1900000},
{0.3849000,0.8914000,0.1923000},
{0.3767000,0.8918000,0.1946000},
{0.3689000,0.8920000,0.1969000},
{0.3613000,0.8921000,0.1991000},
{0.3541000,0.8921000,0.2011000},
{0.3471000,0.8921000,0.2029000},
{0.3405000,0.8919000,0.2046000},
{0.3342000,0.8917000,0.2061000},
{0.3283000,0.8914000,0.2075000},
{0.3226000,0.8909000,0.2088000},
{0.3172000,0.8902000,0.2101000},
{0.3121000,0.8895000,0.2112000},
{0.3074000,0.8887000,0.2122000}
};
inPtsREl2 = {
{0.6779000,0.9139000,0.1421000},
{0.6679000,0.9140000,0.1426000},
{0.6578000,0.9142000,0.1434000},
{0.6476000,0.9145000,0.1445000},
{0.6374000,0.9150000,0.1460000},
{0.6271000,0.9156000,0.1476000},
{0.6167000,0.9161000,0.1495000},
{0.6064000,0.9167000,0.1516000},
{0.5961000,0.9173000,0.1538000},
{0.5857000,0.9179000,0.1563000},
{0.5754000,0.9184000,0.1590000},
{0.5652000,0.9189000,0.1617000},
{0.5551000,0.9193000,0.1647000},
{0.5452000,0.9196000,0.1677000},
{0.5356000,0.9196000,0.1708000},
{0.5264000,0.9196000,0.1738000},
{0.5174000,0.9194000,0.1768000},
{0.5088000,0.9191000,0.1799000},
{0.5004000,0.9189000,0.1830000},
{0.4923000,0.9185000,0.1861000},
{0.4845000,0.9181000,0.1891000},
{0.4771000,0.9176000,0.1921000},
{0.4699000,0.9170000,0.1949000},
{0.4631000,0.9163000,0.1975000},
{0.4565000,0.9156000,0.1999000},
{0.4503000,0.9149000,0.2022000},
{0.4444000,0.9141000,0.2043000},
{0.4388000,0.9134000,0.2063000},
{0.4334000,0.9128000,0.2082000},
{0.4283000,0.9121000,0.2100000},
{0.4233000,0.9115000,0.2115000}
};
inPtsRUA2 = {
{0.6879000,0.9170000,0.2969000},
{0.6826000,0.9168000,0.2969000},
{0.6771000,0.9163000,0.2970000},
{0.6714000,0.9161000,0.2969000},
{0.6655000,0.9158000,0.2972000},
{0.6594000,0.9154000,0.2976000},
{0.6532000,0.9152000,0.2982000},
{0.6467000,0.9148000,0.2989000},
{0.6400000,0.9145000,0.2998000},
{0.6332000,0.9142000,0.3007000},
{0.6262000,0.9139000,0.3018000},
{0.6190000,0.9136000,0.3029000},
{0.6119000,0.9133000,0.3041000},
{0.6048000,0.9128000,0.3054000},
{0.5977000,0.9122000,0.3067000},
{0.5908000,0.9115000,0.3081000},
{0.5839000,0.9105000,0.3095000},
{0.5774000,0.9094000,0.3109000},
{0.5711000,0.9083000,0.3123000},
{0.5650000,0.9073000,0.3134000},
{0.5592000,0.9063000,0.3146000},
{0.5535000,0.9053000,0.3158000},
{0.5479000,0.9043000,0.3172000},
{0.5425000,0.9031000,0.3185000},
{0.5373000,0.9018000,0.3198000},
{0.5323000,0.9004000,0.3209000},
{0.5276000,0.8989000,0.3219000},
{0.5232000,0.8973000,0.3228000},
{0.5190000,0.8958000,0.3235000},
{0.5149000,0.8946000,0.3242000},
{0.5108000,0.8936000,0.3248000}
};
inPtsRSh2 = {
{0.6709000,0.8548000,0.4553000},
{0.6685000,0.8547000,0.4553000},
{0.6659000,0.8545000,0.4553000},
{0.6631000,0.8541000,0.4554000},
{0.6602000,0.8535000,0.4554000},
{0.6572000,0.8527000,0.4555000},
{0.6541000,0.8517000,0.4555000},
{0.6509000,0.8507000,0.4556000},
{0.6477000,0.8496000,0.4557000},
{0.6444000,0.8485000,0.4557000},
{0.6411000,0.8474000,0.4557000},
{0.6378000,0.8464000,0.4557000},
{0.6345000,0.8453000,0.4557000},
{0.6314000,0.8443000,0.4557000},
{0.6282000,0.8432000,0.4557000},
{0.6250000,0.8420000,0.4556000},
{0.6219000,0.8408000,0.4556000},
{0.6183000,0.8393000,0.4555000},
{0.6151000,0.8382000,0.4552000},
{0.6119000,0.8371000,0.4550000},
{0.6085000,0.8359000,0.4548000},
{0.6052000,0.8348000,0.4545000},
{0.6020000,0.8335000,0.4542000},
{0.5988000,0.8322000,0.4538000},
{0.5957000,0.8309000,0.4533000},
{0.5924000,0.8296000,0.4527000},
{0.5893000,0.8284000,0.4522000},
{0.5861000,0.8271000,0.4517000},
{0.5829000,0.8258000,0.4511000},
{0.5798000,0.8245000,0.4506000},
{0.5767000,0.8233000,0.4499000}
};
inPtsRCh2 = {
{0.6551000,0.7428000,0.3965000},
{0.6534000,0.7427000,0.3962000},
{0.6517000,0.7425000,0.3960000},
{0.6499000,0.7421000,0.3957000},
{0.6481000,0.7416000,0.3954000},
{0.6462000,0.7409000,0.3950000},
{0.6443000,0.7402000,0.3947000},
{0.6423000,0.7395000,0.3944000},
{0.6403000,0.7387000,0.3940000},
{0.6384000,0.7379000,0.3937000},
{0.6363000,0.7372000,0.3933000},
{0.6339000,0.7364000,0.3931000},
{0.6315000,0.7354000,0.3928000},
{0.6289000,0.7346000,0.3925000},
{0.6257000,0.7331000,0.3920000},
{0.6227000,0.7318000,0.3918000},
{0.6227000,0.7318000,0.3918000},
{0.6218000,0.7322000,0.3906000},
{0.6197000,0.7317000,0.3900000},
{0.6176000,0.7311000,0.3894000},
{0.6156000,0.7306000,0.3888000},
{0.6135000,0.7301000,0.3881000},
{0.6114000,0.7295000,0.3874000},
{0.6094000,0.7291000,0.3866000},
{0.6073000,0.7286000,0.3858000},
{0.6053000,0.7282000,0.3849000},
{0.6033000,0.7277000,0.3839000},
{0.6013000,0.7274000,0.3830000},
{0.5993000,0.7270000,0.3821000},
{0.5973000,0.7266000,0.3812000},
{0.5952000,0.7261000,0.3803000}
};
inPtsMCh2 = {
{0.6535000,0.6672000,0.3300000},
{0.6524000,0.6672000,0.3296000},
{0.6512000,0.6671000,0.3293000},
{0.6500000,0.6668000,0.3288000},
{0.6489000,0.6664000,0.3284000},
{0.6477000,0.6660000,0.3280000},
{0.6466000,0.6654000,0.3276000},
{0.6454000,0.6648000,0.3272000},
{0.6443000,0.6642000,0.3267000},
{0.6432000,0.6637000,0.3263000},
{0.6419000,0.6630000,0.3260000},
{0.6400000,0.6622000,0.3259000},
{0.6380000,0.6615000,0.3259000},
{0.6381000,0.6614000,0.3249000},
{0.6369000,0.6609000,0.3244000},
{0.6356000,0.6605000,0.3239000},
{0.6343000,0.6601000,0.3234000},
{0.6331000,0.6597000,0.3227000},
{0.6317000,0.6594000,0.3222000},
{0.6303000,0.6590000,0.3215000},
{0.6290000,0.6587000,0.3210000},
{0.6276000,0.6584000,0.3203000},
{0.6261000,0.6580000,0.3196000},
{0.6246000,0.6577000,0.3189000},
{0.6230000,0.6573000,0.3181000},
{0.6214000,0.6568000,0.3174000},
{0.6198000,0.6564000,0.3166000},
{0.6183000,0.6560000,0.3158000},
{0.6169000,0.6557000,0.3150000},
{0.6153000,0.6553000,0.3142000},
{0.6136000,0.6548000,0.3135000}
};
inPtsLCh2 = {
{0.6824000,0.6057000,0.4193000},
{0.6814000,0.6058000,0.4189000},
{0.6804000,0.6057000,0.4185000},
{0.6795000,0.6056000,0.4182000},
{0.6785000,0.6054000,0.4177000},
{0.6776000,0.6052000,0.4173000},
{0.6767000,0.6049000,0.4169000},
{0.6759000,0.6046000,0.4164000},
{0.6751000,0.6042000,0.4160000},
{0.6742000,0.6039000,0.4156000},
{0.6734000,0.6036000,0.4152000},
{0.6725000,0.6033000,0.4148000},
{0.6716000,0.6031000,0.4144000},
{0.6705000,0.6028000,0.4143000},
{0.6696000,0.6026000,0.4139000},
{0.6685000,0.6024000,0.4134000},
{0.6674000,0.6022000,0.4130000},
{0.6661000,0.6021000,0.4125000},
{0.6652000,0.6021000,0.4120000},
{0.6640000,0.6020000,0.4115000},
{0.6628000,0.6018000,0.4109000},
{0.6616000,0.6018000,0.4104000},
{0.6603000,0.6017000,0.4098000},
{0.6589000,0.6016000,0.4092000},
{0.6574000,0.6015000,0.4086000},
{0.6559000,0.6014000,0.4080000},
{0.6544000,0.6013000,0.4073000},
{0.6529000,0.6012000,0.4067000},
{0.6514000,0.6011000,0.4060000},
{0.6498000,0.6010000,0.4054000},
{0.6483000,0.6009000,0.4047000}
};
inPtsLSh2 = {
{0.7466000,0.5213000,0.4751000},
{0.7457000,0.5217000,0.4749000},
{0.7449000,0.5221000,0.4747000},
{0.7441000,0.5223000,0.4744000},
{0.7433000,0.5225000,0.4740000},
{0.7433000,0.5232000,0.4735000},
{0.7429000,0.5234000,0.4733000},
{0.7425000,0.5236000,0.4730000},
{0.7421000,0.5238000,0.4727000},
{0.7418000,0.5241000,0.4724000},
{0.7414000,0.5243000,0.4722000},
{0.7410000,0.5246000,0.4720000},
{0.7406000,0.5250000,0.4718000},
{0.7402000,0.5254000,0.4716000},
{0.7396000,0.5258000,0.4714000},
{0.7390000,0.5262000,0.4712000},
{0.7384000,0.5267000,0.4710000},
{0.7377000,0.5272000,0.4708000},
{0.7370000,0.5277000,0.4706000},
{0.7361000,0.5282000,0.4704000},
{0.7352000,0.5287000,0.4702000},
{0.7342000,0.5292000,0.4699000},
{0.7331000,0.5296000,0.4697000},
{0.7321000,0.5300000,0.4695000},
{0.7308000,0.5305000,0.4692000},
{0.7295000,0.5308000,0.4690000},
{0.7281000,0.5312000,0.4687000},
{0.7266000,0.5316000,0.4684000},
{0.7252000,0.5319000,0.4682000},
{0.7237000,0.5322000,0.4679000},
{0.7221000,0.5325000,0.4676000}
};
inPtsEeWam2 = {
{0.3389956,0.8699743,-0.1340154},
{0.3219314,0.8751862,-0.1308346},
{0.3050360,0.8804546,-0.1277860},
{0.2882789,0.8858110,-0.1247512},
{0.2714665,0.8915197,-0.1216390},
{0.2548598,0.8971006,-0.1179877},
{0.2382877,0.9027923,-0.1143067},
{0.2219048,0.9084184,-0.1107085},
{0.2058712,0.9139493,-0.1070537},
{0.1897474,0.9193627,-0.1033652},
{0.1737329,0.9246632,-0.0999619},
{0.1581662,0.9296537,-0.0961963},
{0.1425319,0.9345848,-0.0927325},
{0.1270401,0.9392931,-0.0892153},
{0.1121476,0.9437671,-0.0857808},
{0.0980780,0.9480695,-0.0826775},
{0.0843760,0.9520658,-0.0794631},
{0.0717188,0.9560852,-0.0767694},
{0.0590469,0.9597900,-0.0741416},
{0.0470460,0.9631481,-0.0715690},
{0.0357039,0.9664722,-0.0691716},
{0.0249292,0.9695800,-0.0671543},
{0.0145625,0.9724760,-0.0650458},
{0.0049559,0.9749559,-0.0631240},
{-0.0044337,0.9771605,-0.0607468},
{-0.0131393,0.9791522,-0.0590169},
{-0.0213899,0.9805714,-0.0567670},
{-0.0290294,0.9817529,-0.0546632},
{-0.0364854,0.9830472,-0.0529454},
{-0.0432505,0.9839925,-0.0516311},
{-0.0499805,0.9849879,-0.0506558}
};
inPtsRPiWam2 = {
{0.3058710,0.8148485,-0.1235251},
{0.2881559,0.8204265,-0.1202409},
{0.2706069,0.8261283,-0.1171695},
{0.2532270,0.8318629,-0.1141263},
{0.2360073,0.8378180,-0.1111935},
{0.2189432,0.8436798,-0.1079299},
{0.2018173,0.8496393,-0.1047618},
{0.1849814,0.8555537,-0.1015661},
{0.1683539,0.8614581,-0.0984196},
{0.1516582,0.8671989,-0.0953297},
{0.1351610,0.8727055,-0.0925216},
{0.1189715,0.8780712,-0.0895429},
{0.1029215,0.8831723,-0.0867874},
{0.0870988,0.8880590,-0.0839517},
{0.0718281,0.8928526,-0.0813014},
{0.0573498,0.8975001,-0.0787375},
{0.0432759,0.9019426,-0.0761609},
{0.0301678,0.9063595,-0.0739794},
{0.0171595,0.9103497,-0.0719538},
{0.0047787,0.9140211,-0.0700238},
{-0.0069017,0.9175686,-0.0682292},
{-0.0179774,0.9209057,-0.0669062},
{-0.0286201,0.9239771,-0.0653652},
{-0.0385250,0.9267122,-0.0640604},
{-0.0480576,0.9290964,-0.0625476},
{-0.0569037,0.9311809,-0.0615287},
{-0.0652059,0.9327094,-0.0602613},
{-0.0728735,0.9339878,-0.0591497},
{-0.0802381,0.9352262,-0.0582968},
{-0.0870197,0.9361999,-0.0576779},
{-0.0936164,0.9371337,-0.0571922}
};
inPtsRThWam2 = {
{0.3243595,0.7769826,-0.0980683},
{0.3062459,0.7823637,-0.0949695},
{0.2883350,0.7877467,-0.0920522},
{0.2705314,0.7932750,-0.0891116},
{0.2531500,0.7988588,-0.0865946},
{0.2358564,0.8042479,-0.0837486},
{0.2183282,0.8098005,-0.0810242},
{0.2012557,0.8152429,-0.0782990},
{0.1841411,0.8207509,-0.0753607},
{0.1669600,0.8260973,-0.0726102},
{0.1499523,0.8314021,-0.0700603},
{0.1331961,0.8363179,-0.0674963},
{0.1166911,0.8411905,-0.0651251},
{0.1005362,0.8457730,-0.0626901},
{0.0849516,0.8500465,-0.0605060},
{0.0701003,0.8543316,-0.0582056},
{0.0557128,0.8582099,-0.0558618},
{0.0421420,0.8623133,-0.0538535},
{0.0287536,0.8660219,-0.0520920},
{0.0158738,0.8694819,-0.0502958},
{0.0037248,0.8729287,-0.0486957},
{-0.0078329,0.8761441,-0.0475028},
{-0.0189288,0.8791969,-0.0460626},
{-0.0293007,0.8818185,-0.0448760},
{-0.0391457,0.8839499,-0.0437054},
{-0.0482727,0.8859409,-0.0430658},
{-0.0567754,0.8872028,-0.0423677},
{-0.0645961,0.8882188,-0.0419174},
{-0.0719914,0.8893323,-0.0416729},
{-0.0789644,0.8902750,-0.0413787},
{-0.0856268,0.8911905,-0.0409335}
};
inPtsRWWam2 = {
{0.3615283,0.8238255,-0.1029902},
{0.3440197,0.8287109,-0.0999777},
{0.3266660,0.8336253,-0.0971404},
{0.3094100,0.8386899,-0.0942048},
{0.2923889,0.8439707,-0.0916165},
{0.2754642,0.8490628,-0.0885288},
{0.2584123,0.8542341,-0.0853738},
{0.2417085,0.8593654,-0.0823955},
{0.2250551,0.8644836,-0.0790336},
{0.2083353,0.8694346,-0.0757666},
{0.1917390,0.8743827,-0.0726187},
{0.1754737,0.8788513,-0.0693715},
{0.1593217,0.8833948,-0.0663187},
{0.1434269,0.8877257,-0.0632870},
{0.1280981,0.8917405,-0.0605060},
{0.1135413,0.8957163,-0.0577772},
{0.0993624,0.8993677,-0.0550026},
{0.0861209,0.9031078,-0.0525625},
{0.0729769,0.9065312,-0.0502782},
{0.0603707,0.9096587,-0.0478765},
{0.0484885,0.9127667,-0.0456711},
{0.0371442,0.9156825,-0.0437907},
{0.0262583,0.9184338,-0.0417508},
{0.0160952,0.9207416,-0.0399567},
{0.0063197,0.9226860,-0.0380115},
{-0.0027026,0.9244471,-0.0366912},
{-0.0111958,0.9255448,-0.0351301},
{-0.0190166,0.9263884,-0.0338182},
{-0.0264901,0.9274223,-0.0327967},
{-0.0334654,0.9282051,-0.0318317},
{-0.0402737,0.9291704,-0.0309027}
};
inPtsRLAWam2 = {
{0.6343667,0.9448222,-0.1333056},
{0.6182006,0.9461413,-0.1321486},
{0.6020969,0.9477153,-0.1306262},
{0.5860231,0.9495999,-0.1286161},
{0.5700854,0.9520594,-0.1262790},
{0.5540671,0.9547124,-0.1234369},
{0.5379357,0.9574184,-0.1202977},
{0.5221390,0.9602464,-0.1167717},
{0.5063559,0.9630975,-0.1128742},
{0.4904571,0.9659883,-0.1087007},
{0.4747584,0.9687225,-0.1042417},
{0.4592897,0.9712503,-0.0995534},
{0.4439999,0.9737394,-0.0945349},
{0.4289997,0.9758900,-0.0892723},
{0.4145895,0.9775951,-0.0839932},
{0.4008888,0.9793324,-0.0787476},
{0.3875700,0.9806128,-0.0733225},
{0.3751123,0.9820926,-0.0682267},
{0.3626802,0.9834048,-0.0630240},
{0.3507620,0.9843156,-0.0578396},
{0.3395026,0.9852878,-0.0528436},
{0.3287417,0.9860590,-0.0480398},
{0.3183876,0.9866859,-0.0432115},
{0.3086588,0.9871126,-0.0387620},
{0.2992234,0.9874513,-0.0344282},
{0.2904505,0.9878818,-0.0305866},
{0.2821372,0.9878996,-0.0269046},
{0.2743711,0.9881682,-0.0234774},
{0.2669254,0.9886500,-0.0202066},
{0.2599611,0.9889049,-0.0171206},
{0.2531830,0.9892409,-0.0143269}
};
inPtsRElWam2 = {
{0.6414534,0.9399079,-0.0891397},
{0.6256643,0.9407830,-0.0880966},
{0.6098548,0.9418834,-0.0866853},
{0.5940173,0.9432605,-0.0847879},
{0.5782317,0.9451487,-0.0825653},
{0.5623699,0.9472198,-0.0798487},
{0.5463542,0.9493216,-0.0768400},
{0.5305871,0.9515278,-0.0734402},
{0.5148273,0.9537559,-0.0696774},
{0.4988996,0.9560074,-0.0656414},
{0.4830953,0.9581007,-0.0613154},
{0.4674998,0.9600101,-0.0567603},
{0.4519994,0.9618560,-0.0518759},
{0.4367308,0.9633836,-0.0467420},
{0.4219919,0.9644959,-0.0415831},
{0.4079566,0.9656481,-0.0364653},
{0.3942628,0.9663777,-0.0311613},
{0.3814318,0.9673057,-0.0261980},
{0.3685910,0.9680757,-0.0211304},
{0.3562623,0.9684947,-0.0160730},
{0.3445919,0.9689830,-0.0112112},
{0.3333926,0.9692941,-0.0065391},
{0.3226168,0.9694691,-0.0018509},
{0.3124923,0.9694725,0.0024585},
{0.3027127,0.9693985,0.0066440},
{0.2935952,0.9694121,0.0103277},
{0.2849973,0.9690669,0.0138649},
{0.2769899,0.9689362,0.0171216},
{0.2692925,0.9689965,0.0202055},
{0.2620901,0.9688620,0.0231131},
{0.2550976,0.9688333,0.0257339}
};
inPtsRUAWam2 = {
{0.6829764,0.9567592,-0.0850318},
{0.6674632,0.9571747,-0.0850683},
{0.6518758,0.9578635,-0.0847179},
{0.6362150,0.9588646,-0.0838602},
{0.6205511,0.9604478,-0.0826429},
{0.6047605,0.9622828,-0.0809156},
{0.5887843,0.9641687,-0.0789012},
{0.5730158,0.9662136,-0.0764627},
{0.5572230,0.9683072,-0.0736605},
{0.5412180,0.9704903,-0.0705811},
{0.5253091,0.9725317,-0.0672097},
{0.5095680,0.9744553,-0.0635864},
{0.4938931,0.9763442,-0.0596224},
{0.4784204,0.9779353,-0.0554153},
{0.4634631,0.9791168,-0.0511416},
{0.4491980,0.9803594,-0.0468443},
{0.4352571,0.9811840,-0.0423526},
{0.4221946,0.9822152,-0.0380767},
{0.4090778,0.9831520,-0.0337210},
{0.3964736,0.9837197,-0.0293492},
{0.3845372,0.9843656,-0.0250944},
{0.3730671,0.9848438,-0.0210010},
{0.3620186,0.9851915,-0.0168612},
{0.3516276,0.9853849,-0.0130407},
{0.3415739,0.9855299,-0.0093117},
{0.3321994,0.9857936,-0.0059929},
{0.3233468,0.9856960,-0.0028021},
{0.3150940,0.9858768,0.0002073},
{0.3071567,0.9862660,0.0030863},
{0.2997288,0.9864422,0.0058137},
{0.2925234,0.9866923,0.0082592}
};
inPtsRShWam2 = {
{0.6709000,0.8548000,0.4553000},
{0.6685000,0.8547000,0.4553000},
{0.6659000,0.8545000,0.4553000},
{0.6631000,0.8541000,0.4554000},
{0.6602000,0.8535000,0.4554000},
{0.6572000,0.8527000,0.4555000},
{0.6541000,0.8517000,0.4555000},
{0.6509000,0.8507000,0.4556000},
{0.6477000,0.8496000,0.4557000},
{0.6444000,0.8485000,0.4557000},
{0.6411000,0.8474000,0.4557000},
{0.6378000,0.8464000,0.4557000},
{0.6345000,0.8453000,0.4557000},
{0.6314000,0.8443000,0.4557000},
{0.6282000,0.8432000,0.4557000},
{0.6250000,0.8420000,0.4556000},
{0.6219000,0.8408000,0.4556000},
{0.6183000,0.8393000,0.4555000},
{0.6151000,0.8382000,0.4552000},
{0.6119000,0.8371000,0.4550000},
{0.6085000,0.8359000,0.4548000},
{0.6052000,0.8348000,0.4545000},
{0.6020000,0.8335000,0.4542000},
{0.5988000,0.8322000,0.4538000},
{0.5957000,0.8309000,0.4533000},
{0.5924000,0.8296000,0.4527000},
{0.5893000,0.8284000,0.4522000},
{0.5861000,0.8271000,0.4517000},
{0.5829000,0.8258000,0.4511000},
{0.5798000,0.8245000,0.4506000},
{0.5767000,0.8233000,0.4499000}
};
shoToUaVsWam2 = {
{0.0120764,0.1019592,-0.5403318},
{-0.0010368,0.1024747,-0.5403683},
{-0.0140242,0.1033635,-0.5400179},
{-0.0268850,0.1047646,-0.5392602},
{-0.0396489,0.1069478,-0.5380429},
{-0.0524395,0.1095828,-0.5364156},
{-0.0653157,0.1124687,-0.5344012},
{-0.0778842,0.1155136,-0.5320627},
{-0.0904770,0.1187072,-0.5293605},
{-0.1031820,0.1219903,-0.5262811},
{-0.1157909,0.1251317,-0.5229097},
{-0.1282320,0.1280553,-0.5192864},
{-0.1406069,0.1310442,-0.5153224},
{-0.1529796,0.1336353,-0.5111153},
{-0.1647369,0.1359168,-0.5068416},
{-0.1758020,0.1383594,-0.5024443},
{-0.1866429,0.1403840,-0.4979526},
{-0.1961054,0.1429152,-0.4935767},
{-0.2060222,0.1449520,-0.4889210},
{-0.2154264,0.1466197,-0.4843492},
{-0.2239628,0.1484656,-0.4798944},
{-0.2321329,0.1500438,-0.4755010},
{-0.2399814,0.1516915,-0.4710612},
{-0.2471724,0.1531849,-0.4668407},
{-0.2541261,0.1546299,-0.4626117},
{-0.2602006,0.1561936,-0.4586929},
{-0.2659532,0.1572960,-0.4550021},
{-0.2710060,0.1587768,-0.4514927},
{-0.2757433,0.1604660,-0.4480137},
{-0.2800712,0.1619422,-0.4447863},
{-0.2841766,0.1633923,-0.4416408}
};
elOffsetVsWam2 = {
{-0.0415230,-0.0168512,-0.0041078},
{-0.0417988,-0.0163917,-0.0030283},
{-0.0420210,-0.0159801,-0.0019674},
{-0.0421978,-0.0156041,-0.0009277},
{-0.0423194,-0.0152990,0.0000775},
{-0.0423907,-0.0150630,0.0010669},
{-0.0424301,-0.0148472,0.0020612},
{-0.0424287,-0.0146858,0.0030224},
{-0.0423957,-0.0145513,0.0039831},
{-0.0423183,-0.0144830,0.0049398},
{-0.0422138,-0.0144311,0.0058943},
{-0.0420683,-0.0144453,0.0068261},
{-0.0418937,-0.0144882,0.0077465},
{-0.0416896,-0.0145517,0.0086733},
{-0.0414713,-0.0146209,0.0095585},
{-0.0412414,-0.0147113,0.0103790},
{-0.0409942,-0.0148063,0.0111913},
{-0.0407628,-0.0149095,0.0118786},
{-0.0404868,-0.0150763,0.0125907},
{-0.0402113,-0.0152250,0.0132761},
{-0.0399454,-0.0153826,0.0138832},
{-0.0396745,-0.0155497,0.0144618},
{-0.0394018,-0.0157224,0.0150102},
{-0.0391353,-0.0159125,0.0154991},
{-0.0388612,-0.0161314,0.0159556},
{-0.0386042,-0.0163815,0.0163206},
{-0.0383495,-0.0166291,0.0166669},
{-0.0381041,-0.0169406,0.0169143},
{-0.0378642,-0.0172695,0.0171192},
{-0.0376387,-0.0175801,0.0172994},
{-0.0374258,-0.0178590,0.0174747}
};
wOffsetVsWam2 = {
{-0.0070867,0.0049143,-0.0441659},
{-0.0074638,0.0053583,-0.0440520},
{-0.0077579,0.0058319,-0.0439409},
{-0.0079941,0.0063394,-0.0438281},
{-0.0081462,0.0069106,-0.0437136},
{-0.0083027,0.0074926,-0.0435881},
{-0.0084185,0.0080968,-0.0434577},
{-0.0084481,0.0087186,-0.0433315},
{-0.0084715,0.0093417,-0.0431968},
{-0.0084425,0.0099809,-0.0430593},
{-0.0083370,0.0106218,-0.0429264},
{-0.0082101,0.0112402,-0.0427931},
{-0.0079995,0.0118835,-0.0426590},
{-0.0077310,0.0125064,-0.0425302},
{-0.0074024,0.0130991,-0.0424101},
{-0.0070678,0.0136843,-0.0422822},
{-0.0066928,0.0142351,-0.0421612},
{-0.0063195,0.0147869,-0.0420287},
{-0.0059108,0.0153291,-0.0418937},
{-0.0055004,0.0158209,-0.0417666},
{-0.0050892,0.0163047,-0.0416324},
{-0.0046509,0.0167649,-0.0415007},
{-0.0042293,0.0172168,-0.0413606},
{-0.0038335,0.0176402,-0.0412205},
{-0.0034893,0.0180529,-0.0410721},
{-0.0031446,0.0184697,-0.0409143},
{-0.0028601,0.0188328,-0.0407694},
{-0.0026188,0.0192320,-0.0405989},
{-0.0023671,0.0196535,-0.0404121},
{-0.0021290,0.0200429,-0.0402337},
{-0.0019146,0.0204075,-0.0400608}
};
laToWrVsWam2 = {
{-0.2728384,-0.1209967,0.0303154},
{-0.2741808,-0.1174304,0.0321709},
{-0.2754309,-0.1140901,0.0334858},
{-0.2766132,-0.1109100,0.0344112},
{-0.2776965,-0.1080886,0.0346625},
{-0.2786029,-0.1056496,0.0349080},
{-0.2795234,-0.1031842,0.0349239},
{-0.2804306,-0.1008810,0.0343762},
{-0.2813007,-0.0986139,0.0338407},
{-0.2821219,-0.0965537,0.0329341},
{-0.2830194,-0.0943398,0.0316230},
{-0.2838159,-0.0923990,0.0301819},
{-0.2846782,-0.0903446,0.0282161},
{-0.2855728,-0.0881643,0.0259853},
{-0.2864914,-0.0858545,0.0234873},
{-0.2873475,-0.0836161,0.0209704},
{-0.2882076,-0.0812451,0.0183200},
{-0.2889914,-0.0789848,0.0156642},
{-0.2897033,-0.0768736,0.0127459},
{-0.2903913,-0.0746569,0.0099631},
{-0.2910142,-0.0725211,0.0071724},
{-0.2915975,-0.0703764,0.0042491},
{-0.2921293,-0.0682520,0.0014606},
{-0.2925636,-0.0663711,-0.0011947},
{-0.2929038,-0.0647653,-0.0035833},
{-0.2931532,-0.0634347,-0.0061046},
{-0.2933329,-0.0623548,-0.0082255},
{-0.2933877,-0.0617798,-0.0103408},
{-0.2934155,-0.0612276,-0.0125901},
{-0.2934265,-0.0606998,-0.0147111},
{-0.2934566,-0.0600704,-0.0165757}
};
elToWrVsWam2 = {
{-0.2799250,-0.1160825,-0.0138506},
{-0.2816446,-0.1120721,-0.0118811},
{-0.2831887,-0.1082581,-0.0104551},
{-0.2846073,-0.1045706,-0.0094169},
{-0.2858428,-0.1011780,-0.0090512},
{-0.2869057,-0.0981570,-0.0086801},
{-0.2879419,-0.0950874,-0.0085338},
{-0.2888787,-0.0921624,-0.0089553},
{-0.2897722,-0.0892722,-0.0093562},
{-0.2905643,-0.0865727,-0.0101253},
{-0.2913564,-0.0837180,-0.0113033},
{-0.2920260,-0.0811588,-0.0126112},
{-0.2926777,-0.0784611,-0.0144429},
{-0.2933038,-0.0756579,-0.0165450},
{-0.2938938,-0.0727554,-0.0189229},
{-0.2944153,-0.0699318,-0.0213118},
{-0.2949004,-0.0670100,-0.0238413},
{-0.2953109,-0.0641979,-0.0263645},
{-0.2956141,-0.0615445,-0.0291478},
{-0.2958916,-0.0588360,-0.0318035},
{-0.2961034,-0.0562164,-0.0344600},
{-0.2962484,-0.0536116,-0.0372516},
{-0.2963586,-0.0510353,-0.0398999},
{-0.2963971,-0.0487309,-0.0424152},
{-0.2963930,-0.0467124,-0.0446554},
{-0.2962978,-0.0449650,-0.0470189},
{-0.2961931,-0.0435220,-0.0489950},
{-0.2960065,-0.0425478,-0.0509398},
{-0.2957826,-0.0415742,-0.0530022},
{-0.2955556,-0.0406569,-0.0549448},
{-0.2953712,-0.0396629,-0.0566365}
};
wrToEeVsWam2 = {
{-0.0225327,0.0461488,-0.0310252},
{-0.0220883,0.0464753,-0.0308569},
{-0.0216300,0.0468293,-0.0306456},
{-0.0211310,0.0471211,-0.0305464},
{-0.0209224,0.0475490,-0.0300224},
{-0.0206045,0.0480378,-0.0294588},
{-0.0201246,0.0485581,-0.0289329},
{-0.0198037,0.0490529,-0.0283130},
{-0.0191839,0.0494656,-0.0280201},
{-0.0185878,0.0499281,-0.0275985},
{-0.0180061,0.0502805,-0.0273432},
{-0.0173075,0.0508024,-0.0268248},
{-0.0167898,0.0511900,-0.0264137},
{-0.0163868,0.0515674,-0.0259283},
{-0.0159505,0.0520266,-0.0252748},
{-0.0154633,0.0523532,-0.0249003},
{-0.0149864,0.0526981,-0.0244605},
{-0.0144021,0.0529774,-0.0242068},
{-0.0139300,0.0532587,-0.0238634},
{-0.0133247,0.0534894,-0.0236925},
{-0.0127845,0.0537055,-0.0235004},
{-0.0122150,0.0538974,-0.0233636},
{-0.0116957,0.0540421,-0.0232950},
{-0.0111394,0.0542143,-0.0231673},
{-0.0107533,0.0544745,-0.0227353},
{-0.0104367,0.0547050,-0.0223257},
{-0.0101941,0.0550266,-0.0216369},
{-0.0100128,0.0553645,-0.0208450},
{-0.0099953,0.0556249,-0.0201487},
{-0.0097851,0.0557874,-0.0197994},
{-0.0097068,0.0558175,-0.0197531}
};
shoToElVsWam2 = {
{-0.0294466,0.0851079,-0.5444397},
{-0.0428357,0.0860830,-0.5433966},
{-0.0560452,0.0873834,-0.5419853},
{-0.0690827,0.0891605,-0.5401879},
{-0.0819683,0.0916487,-0.5379653},
{-0.0948301,0.0945198,-0.5353487},
{-0.1077458,0.0976216,-0.5323400},
{-0.1203129,0.1008278,-0.5290402},
{-0.1328727,0.1041559,-0.5253774},
{-0.1455004,0.1075074,-0.5213414},
{-0.1580047,0.1107007,-0.5170154},
{-0.1703002,0.1136101,-0.5124603},
{-0.1825006,0.1165560,-0.5075759},
{-0.1946692,0.1190836,-0.5024420},
{-0.2062081,0.1212959,-0.4972831},
{-0.2170434,0.1236481,-0.4920653},
{-0.2276372,0.1255777,-0.4867613},
{-0.2368682,0.1280057,-0.4816980},
{-0.2465090,0.1298757,-0.4763304},
{-0.2556377,0.1313947,-0.4710730},
{-0.2639081,0.1330830,-0.4660112},
{-0.2718074,0.1344941,-0.4610391},
{-0.2793832,0.1359691,-0.4560509},
{-0.2863077,0.1372725,-0.4513415},
{-0.2929873,0.1384985,-0.4466560},
{-0.2988048,0.1398121,-0.4423723},
{-0.3043027,0.1406669,-0.4383351},
{-0.3091101,0.1418362,-0.4345784},
{-0.3136075,0.1431965,-0.4308945},
{-0.3177099,0.1443620,-0.4274869},
{-0.3216024,0.1455333,-0.4241661}
};
shoToLaVsWam2 = {
{-0.0365333,0.0900222,-0.5886056},
{-0.0502994,0.0914413,-0.5874486},
{-0.0638031,0.0932153,-0.5859262},
{-0.0770769,0.0954999,-0.5840161},
{-0.0901146,0.0985594,-0.5816790},
{-0.1031329,0.1020124,-0.5789369},
{-0.1161643,0.1057184,-0.5757977},
{-0.1287610,0.1095464,-0.5723717},
{-0.1413441,0.1134975,-0.5685742},
{-0.1539429,0.1174883,-0.5644007},
{-0.1663416,0.1213225,-0.5599417},
{-0.1785103,0.1248503,-0.5552534},
{-0.1905001,0.1284394,-0.5502349},
{-0.2024003,0.1315900,-0.5449723},
{-0.2136105,0.1343951,-0.5396932},
{-0.2241112,0.1373324,-0.5343476},
{-0.2343300,0.1398128,-0.5289225},
{-0.2431877,0.1427926,-0.5237267},
{-0.2524198,0.1452048,-0.5182240},
{-0.2611380,0.1472156,-0.5128396},
{-0.2689974,0.1493878,-0.5076436},
{-0.2764583,0.1512590,-0.5025398},
{-0.2836124,0.1531859,-0.4974115},
{-0.2901412,0.1549126,-0.4925620},
{-0.2964766,0.1565513,-0.4877282},
{-0.3019495,0.1582818,-0.4832866},
{-0.3071628,0.1594996,-0.4791046},
{-0.3117289,0.1610682,-0.4751774},
{-0.3159746,0.1628500,-0.4713066},
{-0.3198389,0.1644049,-0.4677206},
{-0.3235170,0.1659409,-0.4642269}
};
shoToWrVsWam2 = {
{-0.3093717,-0.0309745,-0.5582902},
{-0.3244803,-0.0259891,-0.5552777},
{-0.3392340,-0.0208747,-0.5524404},
{-0.3536900,-0.0154101,-0.5496048},
{-0.3678111,-0.0095293,-0.5470165},
{-0.3817358,-0.0036372,-0.5440288},
{-0.3956877,0.0025341,-0.5408738},
{-0.4091915,0.0086654,-0.5379955},
{-0.4226449,0.0148836,-0.5347336},
{-0.4360647,0.0209346,-0.5314666},
{-0.4493610,0.0269827,-0.5283187},
{-0.4623263,0.0324513,-0.5250715},
{-0.4751783,0.0380948,-0.5220187},
{-0.4879731,0.0434257,-0.5189870},
{-0.5001019,0.0485405,-0.5162060},
{-0.5114587,0.0537163,-0.5133772},
{-0.5225376,0.0585677,-0.5106026},
{-0.5321791,0.0638078,-0.5080625},
{-0.5421231,0.0683312,-0.5054782},
{-0.5515293,0.0725587,-0.5028765},
{-0.5600115,0.0768667,-0.5004711},
{-0.5680558,0.0808825,-0.4982907},
{-0.5757417,0.0849338,-0.4959508},
{-0.5827048,0.0885416,-0.4937567},
{-0.5893803,0.0917860,-0.4913115},
{-0.5951026,0.0948471,-0.4893912},
{-0.6004958,0.0971448,-0.4873301},
{-0.6051166,0.0992884,-0.4855182},
{-0.6093901,0.1016223,-0.4838967},
{-0.6132654,0.1037051,-0.4824317},
{-0.6169737,0.1058704,-0.4808027}
};
shoToThVsWam2 = {
{-0.3465405,-0.0778174,-0.5533683},
{-0.3622541,-0.0723363,-0.5502695},
{-0.3775650,-0.0667533,-0.5473522},
{-0.3925686,-0.0608250,-0.5445116},
{-0.4070500,-0.0546412,-0.5419946},
{-0.4213436,-0.0484521,-0.5392486},
{-0.4357718,-0.0418995,-0.5365242},
{-0.4496443,-0.0354571,-0.5338990},
{-0.4635589,-0.0288491,-0.5310607},
{-0.4774400,-0.0224027,-0.5283102},
{-0.4911477,-0.0159979,-0.5257603},
{-0.5046039,-0.0100821,-0.5231963},
{-0.5178089,-0.0041095,-0.5208251},
{-0.5308638,0.0014730,-0.5183901},
{-0.5432484,0.0068465,-0.5162060},
{-0.5548997,0.0123316,-0.5138056},
{-0.5661872,0.0174099,-0.5114618},
{-0.5761580,0.0230133,-0.5093535},
{-0.5863464,0.0278219,-0.5072920},
{-0.5960262,0.0323819,-0.5052958},
{-0.6047752,0.0370287,-0.5034957},
{-0.6130329,0.0413441,-0.5020028},
{-0.6209288,0.0456969,-0.5002626},
{-0.6281007,0.0496185,-0.4986760},
{-0.6348457,0.0530499,-0.4970054},
{-0.6406727,0.0563409,-0.4957658},
{-0.6460754,0.0588028,-0.4945677},
{-0.6506961,0.0611188,-0.4936174},
{-0.6548914,0.0635323,-0.4927729},
{-0.6587644,0.0657750,-0.4919787},
{-0.6623268,0.0678905,-0.4908335}
};
shoToPiVsWam2 = {
{-0.3650290,-0.0399515,-0.5788251},
{-0.3803441,-0.0342735,-0.5755409},
{-0.3952931,-0.0283717,-0.5724695},
{-0.4098730,-0.0222371,-0.5695263},
{-0.4241927,-0.0156820,-0.5665935},
{-0.4382568,-0.0090202,-0.5634299},
{-0.4522827,-0.0020607,-0.5602618},
{-0.4659186,0.0048537,-0.5571661},
{-0.4793461,0.0118581,-0.5541196},
{-0.4927418,0.0186989,-0.5510297},
{-0.5059390,0.0253055,-0.5482216},
{-0.5188285,0.0316712,-0.5452429},
{-0.5315785,0.0378723,-0.5424874},
{-0.5443012,0.0437590,-0.5396517},
{-0.5563719,0.0496526,-0.5370014},
{-0.5676502,0.0555001,-0.5343375},
{-0.5786241,0.0611426,-0.5317609},
{-0.5881322,0.0670595,-0.5294794},
{-0.5979405,0.0721497,-0.5271538},
{-0.6071213,0.0769211,-0.5250238},
{-0.6154017,0.0816686,-0.5230292},
{-0.6231774,0.0861057,-0.5214062},
{-0.6306201,0.0904771,-0.5195652},
{-0.6373250,0.0945122,-0.5178604},
{-0.6437576,0.0981964,-0.5158476},
{-0.6493037,0.1015809,-0.5142287},
{-0.6545059,0.1043094,-0.5124613},
{-0.6589735,0.1068878,-0.5108497},
{-0.6631381,0.1094262,-0.5093968},
{-0.6668197,0.1116999,-0.5082779},
{-0.6703164,0.1138337,-0.5070922}
};
shoToEeVsWam2 = {
{-0.3319044,0.0151743,-0.5893154},
{-0.3465686,0.0204862,-0.5861346},
{-0.3608640,0.0259546,-0.5830860},
{-0.3748211,0.0317110,-0.5801512},
{-0.3887335,0.0380197,-0.5770390},
{-0.4023402,0.0444006,-0.5734877},
{-0.4158123,0.0510923,-0.5698067},
{-0.4289952,0.0577184,-0.5663085},
{-0.4418288,0.0643493,-0.5627537},
{-0.4546526,0.0708627,-0.5590652},
{-0.4673671,0.0772632,-0.5556619},
{-0.4796338,0.0832537,-0.5518963},
{-0.4919681,0.0892848,-0.5484325},
{-0.5043599,0.0949931,-0.5449153},
{-0.5160524,0.1005671,-0.5414808},
{-0.5269220,0.1060695,-0.5382775},
{-0.5375240,0.1112658,-0.5350631},
{-0.5465812,0.1167852,-0.5322694},
{-0.5560531,0.1215900,-0.5293416},
{-0.5648540,0.1260481,-0.5265690},
{-0.5727961,0.1305722,-0.5239716},
{-0.5802708,0.1347800,-0.5216543},
{-0.5874375,0.1389760,-0.5192458},
{-0.5938441,0.1427559,-0.5169240},
{-0.6001337,0.1462605,-0.5140468},
{-0.6055393,0.1495522,-0.5117169},
{-0.6106899,0.1521714,-0.5089670},
{-0.6151294,0.1546529,-0.5063632},
{-0.6193854,0.1572472,-0.5040454},
{-0.6230505,0.1594925,-0.5022311},
{-0.6266805,0.1616879,-0.5005558}
};
rMatsCh2 = {
{0.1828445,0.1355427,0.9737536},
{0.1819651,-0.9780039,0.1019662},
{0.9661556,0.1585452,-0.2034867},
{0.1794595,0.1354313,0.9743986},
{0.1872278,-0.9770772,0.1013210},
{0.9657847,0.1642515,-0.2007023},
{0.1774133,0.1347683,0.9748651},
{0.1923060,-0.9762307,0.0999598},
{0.9651647,0.1697382,-0.1991131},
{0.1747907,0.1352581,0.9752710},
{0.1989066,-0.9749477,0.0995647},
{0.9643051,0.1765849,-0.1973155},
{0.1709669,0.1352599,0.9759483},
{0.2051567,-0.9737082,0.0990100},
{0.9636810,0.1832949,-0.1942214},
{0.1680353,0.1353519,0.9764446},
{0.2126602,-0.9721828,0.0981646},
{0.9625693,0.1911558,-0.1921450},
{0.1639968,0.1360104,0.9770395},
{0.2203727,-0.9704695,0.0981061},
{0.9615305,0.1992237,-0.1891269},
{0.1612465,0.1366010,0.9774148},
{0.2294064,-0.9684350,0.0975002},
{0.9598814,0.2085037,-0.1874939},
{0.1568765,0.1368101,0.9780965},
{0.2382829,-0.9663448,0.0969483},
{0.9584420,0.2178547,-0.1841963},
{0.1526974,0.1363350,0.9788239},
{0.2460294,-0.9645006,0.0959592},
{0.9571588,0.2261668,-0.1808192},
{0.1506808,0.1384184,0.9788440},
{0.2556051,-0.9619350,0.0966800},
{0.9549667,0.2356297,-0.1803256},
{0.1537522,0.1409595,0.9780034},
{0.2664532,-0.9590216,0.0963345},
{0.9515056,0.2457805,-0.1850108},
{0.1580238,0.1431665,0.9770014},
{0.2775042,-0.9559956,0.0952039},
{0.9476391,0.2560776,-0.1907994},
{0.1317793,0.1376130,0.9816806},
{0.2896468,-0.9524439,0.0946329},
{0.9480184,0.2718700,-0.1653715},
{0.1197360,0.1351701,0.9835610},
{0.3076832,-0.9469639,0.0926841},
{0.9439250,0.2915276,-0.1549753},
{0.1092787,0.1311508,0.9853211},
{0.3230022,-0.9421490,0.0895813},
{0.9400679,0.3084716,-0.1453188},
{0.1190994,0.1324709,0.9840055},
{0.3151534,-0.9448532,0.0890553},
{0.9415379,0.2995062,-0.1542801},
{0.1209153,0.1387653,0.9829159},
{0.3112732,-0.9455403,0.0951969},
{0.9425967,0.2944447,-0.1575242},
{0.1191605,0.1398483,0.9829767},
{0.3201049,-0.9425770,0.0952961},
{0.9398583,0.3033002,-0.1570841},
{0.1154586,0.1403007,0.9833540},
{0.3271483,-0.9401126,0.0957197},
{0.9378930,0.3106510,-0.1544432},
{0.1115670,0.1399420,0.9838542},
{0.3331860,-0.9379982,0.0956369},
{0.9362371,0.3171365,-0.1512764},
{0.1078501,0.1407200,0.9841576},
{0.3401590,-0.9354063,0.0964725},
{0.9341628,0.3243655,-0.1487509},
{0.1049418,0.1413159,0.9843866},
{0.3465153,-0.9330156,0.0970005},
{0.9321558,0.3309256,-0.1468804},
{0.1021291,0.1421773,0.9845584},
{0.3510832,-0.9311961,0.0980532},
{0.9307579,0.3356479,-0.1450183},
{0.0992458,0.1432674,0.9846952},
{0.3559001,-0.9292305,0.0993271},
{0.9292391,0.3405953,-0.1432111},
{0.0973505,0.1460567,0.9844746},
{0.3597933,-0.9274381,0.1020163},
{0.9279395,0.3442761,-0.1428368},
{0.0951867,0.1477203,0.9844380},
{0.3638619,-0.9256603,0.1037181},
{0.9265765,0.3483270,-0.1418603},
{0.0919308,0.1497759,0.9844369},
{0.3675848,-0.9239019,0.1062393},
{0.9254351,0.3520973,-0.1399903},
{0.0874012,0.1503265,0.9847654},
{0.3716501,-0.9220959,0.1077747},
{0.9242495,0.3565685,-0.1364612},
{0.0846792,0.1520629,0.9847367},
{0.3749115,-0.9205225,0.1099077},
{0.9231851,0.3598822,-0.1349592},
{0.0833887,0.1543710,0.9844876},
{0.3796414,-0.9183482,0.1118435},
{0.9213679,0.3644258,-0.1351855},
{0.0000000,0.0000000,0.0000000},
{0.0000000,0.0000000,0.0000000},
{0.0000000,0.0000000,0.0000000}
};
xyzEulersCh2 = {
{0.6618931,1.8317066,2.3586051},
{0.6858505,1.8331405,2.3350126},
{0.7059271,1.8355204,2.3159352},
{0.7300105,1.8387862,2.2917506},
{0.7564632,1.8411332,2.2655432},
{0.7828174,1.8452650,2.2395076},
{0.8113916,1.8490721,2.2105619},
{0.8384037,1.8550138,2.1834565},
{0.8689203,1.8601027,2.1530278},
{0.8963635,1.8645670,2.1262592},
{0.9175798,1.8720453,2.1034641},
{0.9255387,1.8834990,2.0941570},
{0.9304487,1.8958327,2.0884469},
{1.0243150,1.8946428,1.9977718},
{1.0821915,1.9072695,1.9419176},
{1.1305405,1.9187632,1.8970298},
{1.0951302,1.9144262,1.9321151},
{1.0795520,1.9112698,1.9413097},
{1.0929186,1.9193775,1.9271579},
{1.1094234,1.9250865,1.9100739},
{1.1257116,1.9298292,1.8939104},
{1.1408217,1.9356868,1.8778283},
{1.1530708,1.9412705,1.8648647},
{1.1629654,1.9451125,1.8538811},
{1.1727664,1.9492444,1.8427463},
{1.1775197,1.9527467,1.8350426},
{1.1840453,1.9563869,1.8266635},
{1.1923693,1.9594103,1.8158636},
{1.2052863,1.9625274,1.8017700},
{1.2120173,1.9653060,1.7929335},
{1.2155769,1.9700076,1.7870139}
};
rMatsChInChF2 = {
{0.9737536,-0.1355427,0.1828445},
{0.1019662,0.9780039,0.1819651},
{-0.2034867,-0.1585452,0.9661556},
{0.9743986,-0.1354313,0.1794595},
{0.1013210,0.9770772,0.1872278},
{-0.2007023,-0.1642515,0.9657847},
{0.9748651,-0.1347683,0.1774133},
{0.0999598,0.9762307,0.1923060},
{-0.1991131,-0.1697382,0.9651647},
{0.9752710,-0.1352581,0.1747907},
{0.0995647,0.9749477,0.1989066},
{-0.1973155,-0.1765849,0.9643051},
{0.9759483,-0.1352599,0.1709669},
{0.0990100,0.9737082,0.2051567},
{-0.1942214,-0.1832949,0.9636810},
{0.9764446,-0.1353519,0.1680353},
{0.0981646,0.9721828,0.2126602},
{-0.1921450,-0.1911558,0.9625693},
{0.9770395,-0.1360104,0.1639968},
{0.0981061,0.9704695,0.2203727},
{-0.1891269,-0.1992237,0.9615305},
{0.9774148,-0.1366010,0.1612465},
{0.0975002,0.9684350,0.2294064},
{-0.1874939,-0.2085037,0.9598814},
{0.9780965,-0.1368101,0.1568765},
{0.0969483,0.9663448,0.2382829},
{-0.1841963,-0.2178547,0.9584420},
{0.9788239,-0.1363350,0.1526974},
{0.0959592,0.9645006,0.2460294},
{-0.1808192,-0.2261668,0.9571588},
{0.9788440,-0.1384184,0.1506808},
{0.0966800,0.9619350,0.2556051},
{-0.1803256,-0.2356297,0.9549667},
{0.9780034,-0.1409595,0.1537522},
{0.0963345,0.9590216,0.2664532},
{-0.1850108,-0.2457805,0.9515056},
{0.9770014,-0.1431665,0.1580238},
{0.0952039,0.9559956,0.2775042},
{-0.1907994,-0.2560776,0.9476391},
{0.9816806,-0.1376130,0.1317793},
{0.0946329,0.9524439,0.2896468},
{-0.1653715,-0.2718700,0.9480184},
{0.9835610,-0.1351701,0.1197360},
{0.0926841,0.9469639,0.3076832},
{-0.1549753,-0.2915276,0.9439250},
{0.9853211,-0.1311508,0.1092787},
{0.0895813,0.9421490,0.3230022},
{-0.1453188,-0.3084716,0.9400679},
{0.9840055,-0.1324709,0.1190994},
{0.0890553,0.9448532,0.3151534},
{-0.1542801,-0.2995062,0.9415379},
{0.9829159,-0.1387653,0.1209153},
{0.0951969,0.9455403,0.3112732},
{-0.1575242,-0.2944447,0.9425967},
{0.9829767,-0.1398483,0.1191605},
{0.0952961,0.9425770,0.3201049},
{-0.1570841,-0.3033002,0.9398583},
{0.9833540,-0.1403007,0.1154586},
{0.0957197,0.9401126,0.3271483},
{-0.1544432,-0.3106510,0.9378930},
{0.9838542,-0.1399420,0.1115670},
{0.0956369,0.9379982,0.3331860},
{-0.1512764,-0.3171365,0.9362371},
{0.9841576,-0.1407200,0.1078501},
