(* /home/sara/Dropbox/Reaching Study/Gilwoo_Automated_v2/csv_only_manual_inspection/2016_12_14_study_4_Part10_1/2016_12_14_study_4_Part10_1_7607_7808_clean_phase2.csv*)
inPtsRPi2 = {
{0.4193000,0.7896000,0.1622000},
{0.4077000,0.7901000,0.1648000},
{0.3960000,0.7905000,0.1673000},
{0.3843000,0.7907000,0.1696000},
{0.3726000,0.7908000,0.1717000},
{0.3608000,0.7906000,0.1736000},
{0.3490000,0.7903000,0.1753000},
{0.3372000,0.7899000,0.1768000},
{0.3253000,0.7895000,0.1781000},
{0.3136000,0.7892000,0.1791000},
{0.3020000,0.7887000,0.1799000},
{0.2907000,0.7882000,0.1807000},
{0.2795000,0.7875000,0.1813000},
{0.2686000,0.7868000,0.1818000},
{0.2580000,0.7860000,0.1822000},
{0.2476000,0.7853000,0.1824000},
{0.2375000,0.7845000,0.1827000},
{0.2279000,0.7837000,0.1827000},
{0.2187000,0.7827000,0.1828000},
{0.2098000,0.7815000,0.1829000},
{0.2013000,0.7801000,0.1830000},
{0.1931000,0.7786000,0.1830000},
{0.1852000,0.7770000,0.1829000}
};
inPtsRTh2 = {
{0.4269000,0.7410000,0.1836000},
{0.4151000,0.7413000,0.1859000},
{0.4033000,0.7415000,0.1881000},
{0.3915000,0.7417000,0.1901000},
{0.3796000,0.7415000,0.1918000},
{0.3677000,0.7412000,0.1934000},
{0.3558000,0.7407000,0.1947000},
{0.3439000,0.7402000,0.1957000},
{0.3319000,0.7398000,0.1966000},
{0.3200000,0.7392000,0.1972000},
{0.3082000,0.7385000,0.1977000},
{0.2966000,0.7382000,0.1979000},
{0.2851000,0.7373000,0.1981000},
{0.2742000,0.7363000,0.1979000},
{0.2634000,0.7355000,0.1978000},
{0.2530000,0.7346000,0.1978000},
{0.2429000,0.7338000,0.1978000},
{0.2331000,0.7329000,0.1978000},
{0.2238000,0.7318000,0.1976000},
{0.2148000,0.7305000,0.1974000},
{0.2062000,0.7290000,0.1969000},
{0.1980000,0.7273000,0.1963000},
{0.1901000,0.7256000,0.1957000}
};
inPtsRW2 = {
{0.4675000,0.7988000,0.1814000},
{0.4563000,0.7995000,0.1838000},
{0.4449000,0.7991000,0.1862000},
{0.4334000,0.7988000,0.1884000},
{0.4218000,0.7985000,0.1904000},
{0.4101000,0.7980000,0.1923000},
{0.3985000,0.7974000,0.1942000},
{0.3867000,0.7972000,0.1958000},
{0.3751000,0.7964000,0.1973000},
{0.3636000,0.7955000,0.1986000},
{0.3521000,0.7946000,0.1999000},
{0.3408000,0.7936000,0.2011000},
{0.3297000,0.7926000,0.2021000},
{0.3188000,0.7914000,0.2030000},
{0.3081000,0.7903000,0.2036000},
{0.2976000,0.7892000,0.2041000},
{0.2875000,0.7881000,0.2046000},
{0.2778000,0.7869000,0.2050000},
{0.2685000,0.7856000,0.2055000},
{0.2596000,0.7841000,0.2058000},
{0.2509000,0.7824000,0.2063000},
{0.2427000,0.7806000,0.2066000},
{0.2348000,0.7788000,0.2068000}
};
inPtsRLA2 = {
{0.5540000,0.8604000,0.1674000},
{0.5433000,0.8599000,0.1698000},
{0.5324000,0.8592000,0.1722000},
{0.5213000,0.8585000,0.1745000},
{0.5102000,0.8577000,0.1768000},
{0.4991000,0.8567000,0.1791000},
{0.4879000,0.8557000,0.1815000},
{0.4768000,0.8545000,0.1840000},
{0.4657000,0.8532000,0.1865000},
{0.4548000,0.8517000,0.1889000},
{0.4441000,0.8502000,0.1914000},
{0.4334000,0.8485000,0.1938000},
{0.4229000,0.8468000,0.1961000},
{0.4125000,0.8451000,0.1983000},
{0.4023000,0.8432000,0.2004000},
{0.3925000,0.8413000,0.2024000},
{0.3828000,0.8394000,0.2043000},
{0.3736000,0.8374000,0.2060000},
{0.3647000,0.8354000,0.2076000},
{0.3561000,0.8333000,0.2092000},
{0.3478000,0.8313000,0.2108000},
{0.3398000,0.8291000,0.2124000},
{0.3321000,0.8269000,0.2140000}
};
inPtsREl2 = {
{0.6594000,0.9183000,0.1542000},
{0.6488000,0.9171000,0.1556000},
{0.6381000,0.9160000,0.1572000},
{0.6273000,0.9147000,0.1590000},
{0.6163000,0.9134000,0.1610000},
{0.6053000,0.9121000,0.1631000},
{0.5943000,0.9107000,0.1653000},
{0.5831000,0.9091000,0.1676000},
{0.5721000,0.9073000,0.1701000},
{0.5611000,0.9054000,0.1726000},
{0.5503000,0.9033000,0.1753000},
{0.5399000,0.9012000,0.1782000},
{0.5297000,0.8990000,0.1815000},
{0.5197000,0.8967000,0.1845000},
{0.5098000,0.8944000,0.1876000},
{0.5002000,0.8921000,0.1907000},
{0.4908000,0.8896000,0.1937000},
{0.4816000,0.8872000,0.1964000},
{0.4728000,0.8847000,0.1990000},
{0.4643000,0.8822000,0.2014000},
{0.4561000,0.8797000,0.2036000},
{0.4482000,0.8773000,0.2059000},
{0.4406000,0.8749000,0.2082000}
};
inPtsRUA2 = {
{0.6895000,0.9212000,0.3065000},
{0.6839000,0.9202000,0.3068000},
{0.6780000,0.9192000,0.3073000},
{0.6721000,0.9180000,0.3073000},
{0.6657000,0.9170000,0.3080000},
{0.6591000,0.9162000,0.3086000},
{0.6525000,0.9141000,0.3091000},
{0.6454000,0.9128000,0.3096000},
{0.6382000,0.9114000,0.3103000},
{0.6307000,0.9099000,0.3112000},
{0.6231000,0.9081000,0.3122000},
{0.6155000,0.9062000,0.3133000},
{0.6077000,0.9039000,0.3145000},
{0.5999000,0.9015000,0.3157000},
{0.5922000,0.8990000,0.3168000},
{0.5846000,0.8964000,0.3179000},
{0.5771000,0.8937000,0.3189000},
{0.5700000,0.8913000,0.3201000},
{0.5630000,0.8891000,0.3214000},
{0.5561000,0.8869000,0.3226000},
{0.5493000,0.8848000,0.3237000},
{0.5428000,0.8826000,0.3246000},
{0.5364000,0.8807000,0.3256000}
};
inPtsRSh2 = {
{0.6816000,0.8537000,0.4613000},
{0.6793000,0.8530000,0.4613000},
{0.6768000,0.8522000,0.4612000},
{0.6742000,0.8513000,0.4612000},
{0.6713000,0.8502000,0.4611000},
{0.6684000,0.8491000,0.4611000},
{0.6651000,0.8478000,0.4608000},
{0.6618000,0.8465000,0.4608000},
{0.6583000,0.8451000,0.4605000},
{0.6545000,0.8436000,0.4601000},
{0.6507000,0.8421000,0.4598000},
{0.6468000,0.8405000,0.4594000},
{0.6428000,0.8387000,0.4591000},
{0.6386000,0.8368000,0.4587000},
{0.6347000,0.8348000,0.4584000},
{0.6304000,0.8326000,0.4580000},
{0.6258000,0.8304000,0.4576000},
{0.6213000,0.8283000,0.4572000},
{0.6167000,0.8264000,0.4567000},
{0.6121000,0.8246000,0.4562000},
{0.6075000,0.8227000,0.4556000},
{0.6029000,0.8207000,0.4551000},
{0.5985000,0.8187000,0.4545000}
};
inPtsRCh2 = {
{0.6653000,0.7449000,0.3967000},
{0.6634000,0.7444000,0.3964000},
{0.6615000,0.7439000,0.3960000},
{0.6594000,0.7432000,0.3956000},
{0.6573000,0.7424000,0.3952000},
{0.6551000,0.7416000,0.3948000},
{0.6528000,0.7408000,0.3943000},
{0.6504000,0.7398000,0.3938000},
{0.6478000,0.7388000,0.3933000},
{0.6451000,0.7377000,0.3928000},
{0.6422000,0.7364000,0.3923000},
{0.6391000,0.7351000,0.3919000},
{0.6359000,0.7336000,0.3914000},
{0.6324000,0.7321000,0.3908000},
{0.6282000,0.7298000,0.3901000},
{0.6243000,0.7276000,0.3897000},
{0.6243000,0.7276000,0.3897000},
{0.6214000,0.7265000,0.3881000},
{0.6182000,0.7250000,0.3874000},
{0.6151000,0.7235000,0.3868000},
{0.6121000,0.7220000,0.3861000},
{0.6091000,0.7207000,0.3854000},
{0.6062000,0.7192000,0.3846000}
};
inPtsMCh2 = {
{0.6620000,0.6716000,0.3276000},
{0.6607000,0.6713000,0.3270000},
{0.6592000,0.6709000,0.3265000},
{0.6577000,0.6706000,0.3260000},
{0.6562000,0.6701000,0.3254000},
{0.6547000,0.6694000,0.3248000},
{0.6532000,0.6688000,0.3242000},
{0.6515000,0.6682000,0.3235000},
{0.6499000,0.6674000,0.3229000},
{0.6477000,0.6664000,0.3226000},
{0.6451000,0.6653000,0.3224000},
{0.6448000,0.6647000,0.3211000},
{0.6431000,0.6638000,0.3204000},
{0.6411000,0.6629000,0.3197000},
{0.6393000,0.6618000,0.3190000},
{0.6373000,0.6608000,0.3183000},
{0.6353000,0.6597000,0.3175000},
{0.6333000,0.6586000,0.3168000},
{0.6313000,0.6574000,0.3161000},
{0.6292000,0.6563000,0.3154000},
{0.6270000,0.6552000,0.3148000},
{0.6249000,0.6540000,0.3142000},
{0.6229000,0.6528000,0.3136000}
};
inPtsLCh2 = {
{0.6883000,0.6074000,0.4143000},
{0.6867000,0.6071000,0.4138000},
{0.6852000,0.6068000,0.4132000},
{0.6836000,0.6064000,0.4127000},
{0.6820000,0.6060000,0.4121000},
{0.6804000,0.6055000,0.4115000},
{0.6789000,0.6051000,0.4110000},
{0.6773000,0.6045000,0.4104000},
{0.6757000,0.6039000,0.4098000},
{0.6742000,0.6034000,0.4091000},
{0.6726000,0.6028000,0.4085000},
{0.6710000,0.6021000,0.4079000},
{0.6694000,0.6015000,0.4073000},
{0.6678000,0.6009000,0.4067000},
{0.6662000,0.6001000,0.4064000},
{0.6646000,0.5994000,0.4059000},
{0.6629000,0.5987000,0.4053000},
{0.6614000,0.5981000,0.4048000},
{0.6598000,0.5974000,0.4042000},
{0.6582000,0.5968000,0.4037000},
{0.6567000,0.5962000,0.4031000},
{0.6551000,0.5956000,0.4027000},
{0.6535000,0.5950000,0.4022000}
};
inPtsLSh2 = {
{0.7465000,0.5198000,0.4681000},
{0.7448000,0.5196000,0.4677000},
{0.7431000,0.5193000,0.4674000},
{0.7415000,0.5191000,0.4670000},
{0.7399000,0.5188000,0.4667000},
{0.7384000,0.5186000,0.4664000},
{0.7369000,0.5183000,0.4660000},
{0.7355000,0.5181000,0.4657000},
{0.7341000,0.5178000,0.4654000},
{0.7328000,0.5176000,0.4651000},
{0.7314000,0.5175000,0.4649000},
{0.7301000,0.5174000,0.4646000},
{0.7288000,0.5173000,0.4643000},
{0.7276000,0.5172000,0.4642000},
{0.7264000,0.5172000,0.4640000},
{0.7253000,0.5172000,0.4638000},
{0.7241000,0.5172000,0.4636000},
{0.7230000,0.5172000,0.4636000},
{0.7220000,0.5173000,0.4635000},
{0.7210000,0.5175000,0.4635000},
{0.7200000,0.5177000,0.4635000},
{0.7190000,0.5179000,0.4635000},
{0.7180000,0.5181000,0.4635000}
};
inPtsEeWam2 = {
{0.3167638,0.8388102,-0.1139243},
{0.2979043,0.8405577,-0.1098211},
{0.2802894,0.8416989,-0.1055638},
{0.2622945,0.8426746,-0.1014570},
{0.2440514,0.8437173,-0.0974266},
{0.2259974,0.8444170,-0.0933456},
{0.2082541,0.8451695,-0.0893115},
{0.1896299,0.8458342,-0.0851267},
{0.1721135,0.8461407,-0.0814057},
{0.1549641,0.8463063,-0.0778008},
{0.1379973,0.8463178,-0.0743956},
{0.1217794,0.8466207,-0.0712437},
{0.1056459,0.8469254,-0.0686897},
{0.0900720,0.8470645,-0.0656603},
{0.0746173,0.8471003,-0.0629173},
{0.0598709,0.8473743,-0.0607718},
{0.0455976,0.8474027,-0.0586858},
{0.0322453,0.8470052,-0.0567033},
{0.0193585,0.8463431,-0.0546253},
{0.0071653,0.8452476,-0.0527574},
{-0.0044850,0.8441051,-0.0504263},
{-0.0155456,0.8429141,-0.0484141},
{-0.0262945,0.8416956,-0.0466751}
};
inPtsRPiWam2 = {
{0.2865256,0.7817329,-0.1071361},
{0.2677054,0.7832213,-0.1029620},
{0.2494638,0.7847724,-0.0990628},
{0.2310441,0.7859633,-0.0951957},
{0.2125544,0.7871245,-0.0915198},
{0.1942835,0.7879101,-0.0877456},
{0.1763209,0.7886998,-0.0842640},
{0.1579147,0.7890391,-0.0805114},
{0.1400147,0.7894467,-0.0773113},
{0.1224230,0.7898621,-0.0744155},
{0.1051473,0.7900160,-0.0717321},
{0.0884898,0.7904252,-0.0694250},
{0.0721167,0.7907800,-0.0675407},
{0.0564138,0.7910431,-0.0656214},
{0.0408029,0.7911276,-0.0635180},
{0.0259147,0.7916300,-0.0619481},
{0.0114963,0.7917734,-0.0603677},
{-0.0021420,0.7916484,-0.0587903},
{-0.0151347,0.7911049,-0.0573775},
{-0.0274726,0.7901338,-0.0559980},
{-0.0391153,0.7890435,-0.0546149},
{-0.0501635,0.7879113,-0.0534677},
{-0.0608789,0.7867034,-0.0524638}
};
inPtsRThWam2 = {
{0.3069391,0.7431346,-0.0834056},
{0.2880496,0.7449082,-0.0796952},
{0.2695740,0.7458618,-0.0761134},
{0.2509374,0.7467396,-0.0725515},
{0.2323546,0.7475966,-0.0692431},
{0.2139516,0.7481737,-0.0657418},
{0.1957838,0.7487408,-0.0626288},
{0.1773797,0.7492430,-0.0592956},
{0.1591345,0.7494468,-0.0564953},
{0.1412110,0.7494284,-0.0539429},
{0.1235823,0.7493098,-0.0514710},
{0.1064032,0.7495312,-0.0496160},
{0.0896972,0.7497571,-0.0480469},
{0.0738389,0.7495736,-0.0466672},
{0.0580109,0.7495102,-0.0449268},
{0.0430078,0.7496289,-0.0434621},
{0.0284310,0.7495724,-0.0421270},
{0.0144840,0.7491778,-0.0404822},
{0.0012832,0.7484218,-0.0392602},
{-0.0112245,0.7472690,-0.0381221},
{-0.0230231,0.7459646,-0.0371526},
{-0.0341590,0.7446175,-0.0364940},
{-0.0449699,0.7433018,-0.0358970}
};
inPtsRWWam2 = {
{0.3414099,0.7922088,-0.0852735},
{0.3227016,0.7938584,-0.0814614},
{0.3046909,0.7944851,-0.0777173},
{0.2864237,0.7950992,-0.0739913},
{0.2680492,0.7958097,-0.0704273},
{0.2498389,0.7962491,-0.0666729},
{0.2318775,0.7966686,-0.0630515},
{0.2134066,0.7972227,-0.0592115},
{0.1955359,0.7971394,-0.0559055},
{0.1779411,0.7968574,-0.0527635},
{0.1605409,0.7965394,-0.0496189},
{0.1437848,0.7963851,-0.0469096},
{0.1273044,0.7963867,-0.0446741},
{0.1114911,0.7960900,-0.0423617},
{0.0958089,0.7958487,-0.0400224},
{0.0808143,0.7959122,-0.0381217},
{0.0663365,0.7957219,-0.0363477},
{0.0525431,0.7951552,-0.0343519},
{0.0393845,0.7942797,-0.0325264},
{0.0269789,0.7929766,-0.0309590},
{0.0151434,0.7915595,-0.0291265},
{0.0039803,0.7900946,-0.0277057},
{-0.0068555,0.7886639,-0.0264324}
};
inPtsRLAWam2 = {
{0.5942464,0.9496552,-0.1211106},
{0.5767318,0.9490478,-0.1186752},
{0.5592718,0.9485250,-0.1159308},
{0.5417755,0.9477308,-0.1127089},
{0.5241856,0.9471211,-0.1091440},
{0.5067045,0.9463944,-0.1050974},
{0.4894453,0.9457106,-0.1010684},
{0.4720621,0.9445932,-0.0963504},
{0.4550871,0.9432522,-0.0917420},
{0.4383706,0.9417748,-0.0870479},
{0.4220354,0.9399523,-0.0820748},
{0.4063679,0.9382934,-0.0771113},
{0.3910685,0.9367092,-0.0718418},
{0.3763249,0.9349004,-0.0667490},
{0.3617370,0.9330976,-0.0611173},
{0.3478283,0.9315279,-0.0557820},
{0.3344355,0.9295736,-0.0507219},
{0.3215185,0.9275313,-0.0457022},
{0.3091947,0.9251567,-0.0411107},
{0.2974654,0.9226040,-0.0367731},
{0.2861945,0.9200842,-0.0326929},
{0.2754276,0.9178267,-0.0286303},
{0.2649639,0.9155922,-0.0245832}
};
inPtsRElWam2 = {
{0.6038067,0.9442353,-0.0774732},
{0.5867039,0.9431517,-0.0751920},
{0.5696285,0.9421568,-0.0726043},
{0.5524300,0.9408585,-0.0695319},
{0.5350765,0.9396945,-0.0661181},
{0.5177884,0.9384048,-0.0622219},
{0.5007011,0.9371560,-0.0583469},
{0.4833867,0.9354476,-0.0537698},
{0.4664282,0.9335164,-0.0492968},
{0.4496867,0.9314489,-0.0447357},
{0.4332554,0.9290424,-0.0398838},
{0.4174310,0.9267763,-0.0350404},
{0.4018728,0.9245222,-0.0298925},
{0.3868891,0.9220933,-0.0249235},
{0.3720036,0.9196126,-0.0194310},
{0.3577697,0.9173638,-0.0142423},
{0.3440349,0.9147929,-0.0093168},
{0.3308193,0.9121708,-0.0044402},
{0.3181988,0.9092924,0.0000263},
{0.3061764,0.9062667,0.0042417},
{0.2946821,0.9033191,0.0081958},
{0.2836791,0.9005861,0.0121087},
{0.2729684,0.8978593,0.0159935}
};
inPtsRUAWam2 = {
{0.6427894,0.9666352,-0.0755793},
{0.6258481,0.9653366,-0.0744456},
{0.6088021,0.9643000,-0.0729441},
{0.5916085,0.9629482,-0.0709779},
{0.5742128,0.9617621,-0.0686433},
{0.5568277,0.9604954,-0.0658181},
{0.5396106,0.9592870,-0.0629586},
{0.5221555,0.9575768,-0.0594512},
{0.5049903,0.9557249,-0.0559865},
{0.4880080,0.9537628,-0.0523886},
{0.4713215,0.9514423,-0.0484987},
{0.4552208,0.9492826,-0.0445482},
{0.4393564,0.9471673,-0.0402451},
{0.4240585,0.9448827,-0.0360626},
{0.4088137,0.9425888,-0.0313519},
{0.3942338,0.9405254,-0.0268481},
{0.3801663,0.9381149,-0.0225683},
{0.3665972,0.9356872,-0.0182939},
{0.3536355,0.9329786,-0.0144030},
{0.3412622,0.9301498,-0.0107112},
{0.3294307,0.9273892,-0.0072365},
{0.3180723,0.9249098,-0.0037175},
{0.3069926,0.9224537,-0.0002072}
};
inPtsRShWam2 = {
{0.6816000,0.8537000,0.4613000},
{0.6793000,0.8530000,0.4613000},
{0.6768000,0.8522000,0.4612000},
{0.6742000,0.8513000,0.4612000},
{0.6713000,0.8502000,0.4611000},
{0.6684000,0.8491000,0.4611000},
{0.6651000,0.8478000,0.4608000},
{0.6618000,0.8465000,0.4608000},
{0.6583000,0.8451000,0.4605000},
{0.6545000,0.8436000,0.4601000},
{0.6507000,0.8421000,0.4598000},
{0.6468000,0.8405000,0.4594000},
{0.6428000,0.8387000,0.4591000},
{0.6386000,0.8368000,0.4587000},
{0.6347000,0.8348000,0.4584000},
{0.6304000,0.8326000,0.4580000},
{0.6258000,0.8304000,0.4576000},
{0.6213000,0.8283000,0.4572000},
{0.6167000,0.8264000,0.4567000},
{0.6121000,0.8246000,0.4562000},
{0.6075000,0.8227000,0.4556000},
{0.6029000,0.8207000,0.4551000},
{0.5985000,0.8187000,0.4545000}
};
shoToUaVsWam2 = {
{-0.0388106,0.1129352,-0.5368793},
{-0.0534519,0.1123366,-0.5357456},
{-0.0679979,0.1121000,-0.5341441},
{-0.0825915,0.1116482,-0.5321779},
{-0.0970872,0.1115621,-0.5297433},
{-0.1115723,0.1113954,-0.5269181},
{-0.1254894,0.1114870,-0.5237586},
{-0.1396445,0.1110768,-0.5202512},
{-0.1533097,0.1106249,-0.5164865},
{-0.1664920,0.1101628,-0.5124886},
{-0.1793785,0.1093423,-0.5082987},
{-0.1915792,0.1087826,-0.5039482},
{-0.2034436,0.1084673,-0.4993451},
{-0.2145415,0.1080827,-0.4947626},
{-0.2258863,0.1077888,-0.4897519},
{-0.2361662,0.1079254,-0.4848481},
{-0.2456337,0.1077149,-0.4801683},
{-0.2547028,0.1073872,-0.4754939},
{-0.2630645,0.1065786,-0.4711030},
{-0.2708378,0.1055498,-0.4669112},
{-0.2780693,0.1046892,-0.4628365},
{-0.2848277,0.1042098,-0.4588175},
{-0.2915074,0.1037537,-0.4547072}
};
elOffsetVsWam2 = {
{-0.0389828,-0.0223999,-0.0018939},
{-0.0391442,-0.0221849,-0.0007463},
{-0.0391735,-0.0221431,0.0003397},
{-0.0391785,-0.0220896,0.0014460},
{-0.0391362,-0.0220676,0.0025252},
{-0.0390393,-0.0220907,0.0035962},
{-0.0389095,-0.0221310,0.0046117},
{-0.0387688,-0.0221293,0.0056815},
{-0.0385621,-0.0222084,0.0066897},
{-0.0383213,-0.0223139,0.0076529},
{-0.0380661,-0.0223999,0.0086150},
{-0.0377898,-0.0225062,0.0095078},
{-0.0374836,-0.0226451,0.0103527},
{-0.0371694,-0.0227894,0.0111391},
{-0.0368101,-0.0229763,0.0119210},
{-0.0364642,-0.0231616,0.0126058},
{-0.0361314,-0.0233220,0.0132515},
{-0.0357778,-0.0235164,0.0138537},
{-0.0354367,-0.0236862,0.0144293},
{-0.0350857,-0.0238831,0.0149529},
{-0.0347487,-0.0240701,0.0154323},
{-0.0343932,-0.0243237,0.0158262},
{-0.0340243,-0.0245945,0.0162007}
};
wOffsetVsWam2 = {
{-0.0095603,0.0054199,-0.0436374},
{-0.0099720,0.0058962,-0.0434833},
{-0.0103567,0.0063682,-0.0433265},
{-0.0106545,0.0068723,-0.0431770},
{-0.0108909,0.0074266,-0.0430260},
{-0.0110839,0.0079896,-0.0428755},
{-0.0112558,0.0085546,-0.0427215},
{-0.0113247,0.0091456,-0.0425806},
{-0.0113411,0.0097358,-0.0424452},
{-0.0113161,0.0103260,-0.0423122},
{-0.0112200,0.0109099,-0.0421911},
{-0.0110631,0.0115171,-0.0420709},
{-0.0108043,0.0121870,-0.0419493},
{-0.0105642,0.0128071,-0.0418255},
{-0.0102666,0.0134850,-0.0416863},
{-0.0099414,0.0141641,-0.0415397},
{-0.0095994,0.0147807,-0.0414051},
{-0.0093008,0.0153605,-0.0412620},
{-0.0090041,0.0158643,-0.0411369},
{-0.0087111,0.0163373,-0.0410147},
{-0.0084876,0.0167652,-0.0408888},
{-0.0082515,0.0172406,-0.0407391},
{-0.0080045,0.0177329,-0.0405767}
};
laToWrVsWam2 = {
{-0.2528366,-0.1574464,0.0358372},
{-0.2540303,-0.1551894,0.0372138},
{-0.2545809,-0.1540399,0.0382135},
{-0.2553518,-0.1526316,0.0387176},
{-0.2561364,-0.1513114,0.0387168},
{-0.2568656,-0.1501453,0.0384246},
{-0.2575678,-0.1490421,0.0380169},
{-0.2586555,-0.1473704,0.0371389},
{-0.2595511,-0.1461128,0.0358365},
{-0.2604295,-0.1449175,0.0342844},
{-0.2614944,-0.1434129,0.0324559},
{-0.2625831,-0.1419083,0.0302017},
{-0.2637641,-0.1403225,0.0271677},
{-0.2648338,-0.1388103,0.0243874},
{-0.2659281,-0.1372489,0.0210949},
{-0.2670140,-0.1356157,0.0176604},
{-0.2680990,-0.1338517,0.0143742},
{-0.2689754,-0.1323760,0.0113503},
{-0.2698101,-0.1308771,0.0085843},
{-0.2704865,-0.1296274,0.0058141},
{-0.2710511,-0.1285247,0.0035665},
{-0.2714473,-0.1277321,0.0009246},
{-0.2718194,-0.1269283,-0.0018491}
};
elToWrVsWam2 = {
{-0.2623968,-0.1520265,-0.0078003},
{-0.2640023,-0.1492932,-0.0062695},
{-0.2649376,-0.1476717,-0.0051130},
{-0.2660063,-0.1457593,-0.0044594},
{-0.2670273,-0.1438848,-0.0043092},
{-0.2679495,-0.1421557,-0.0044510},
{-0.2688236,-0.1404875,-0.0047046},
{-0.2699802,-0.1382248,-0.0054417},
{-0.2708923,-0.1363770,-0.0066087},
{-0.2717456,-0.1345915,-0.0080278},
{-0.2727145,-0.1325030,-0.0097351},
{-0.2736462,-0.1303912,-0.0118693},
{-0.2745684,-0.1281355,-0.0147816},
{-0.2753980,-0.1260033,-0.0174382},
{-0.2761947,-0.1237639,-0.0205914},
{-0.2769554,-0.1214516,-0.0238794},
{-0.2776984,-0.1190710,-0.0270309},
{-0.2782762,-0.1170156,-0.0299117},
{-0.2788143,-0.1150127,-0.0325527},
{-0.2791976,-0.1132900,-0.0352007},
{-0.2795386,-0.1117595,-0.0373223},
{-0.2796988,-0.1104915,-0.0398145},
{-0.2798239,-0.1091954,-0.0424258}
};
wrToEeVsWam2 = {
{-0.0246461,0.0466015,-0.0286509},
{-0.0247973,0.0466993,-0.0283596},
{-0.0244015,0.0472137,-0.0278465},
{-0.0241292,0.0475754,-0.0274657},
{-0.0239978,0.0479076,-0.0269993},
{-0.0238415,0.0481680,-0.0266727},
{-0.0236234,0.0485010,-0.0262601},
{-0.0237766,0.0486114,-0.0259153},
{-0.0234225,0.0490013,-0.0255003},
{-0.0229770,0.0494489,-0.0250373},
{-0.0225437,0.0497785,-0.0247767},
{-0.0220054,0.0502356,-0.0243340},
{-0.0216585,0.0505387,-0.0240156},
{-0.0214191,0.0509745,-0.0232986},
{-0.0211917,0.0512517,-0.0228949},
{-0.0209433,0.0514621,-0.0226501},
{-0.0207389,0.0516808,-0.0223382},
{-0.0202978,0.0518499,-0.0223514},
{-0.0200260,0.0520634,-0.0220989},
{-0.0198136,0.0522709,-0.0217984},
{-0.0196285,0.0525456,-0.0212998},
{-0.0195259,0.0528195,-0.0207084},
{-0.0194390,0.0530317,-0.0202427}
};
shoToElVsWam2 = {
{-0.0777933,0.0905353,-0.5387732},
{-0.0925961,0.0901517,-0.5364920},
{-0.1071715,0.0899568,-0.5338043},
{-0.1217700,0.0895585,-0.5307319},
{-0.1362235,0.0894945,-0.5272181},
{-0.1506116,0.0893048,-0.5233219},
{-0.1643989,0.0893560,-0.5191469},
{-0.1784133,0.0889476,-0.5145698},
{-0.1918718,0.0884164,-0.5097968},
{-0.2048133,0.0878489,-0.5048357},
{-0.2174446,0.0869424,-0.4996838},
{-0.2293690,0.0862763,-0.4944404},
{-0.2409272,0.0858222,-0.4889925},
{-0.2517109,0.0852933,-0.4836235},
{-0.2626964,0.0848126,-0.4778310},
{-0.2726303,0.0847638,-0.4722423},
{-0.2817651,0.0843929,-0.4669168},
{-0.2904807,0.0838708,-0.4616402},
{-0.2985012,0.0828924,-0.4566737},
{-0.3059236,0.0816667,-0.4519583},
{-0.3128179,0.0806191,-0.4474042},
{-0.3192209,0.0798861,-0.4429913},
{-0.3255316,0.0791593,-0.4385065}
};
shoToLaVsWam2 = {
{-0.0873536,0.0959552,-0.5824106},
{-0.1025682,0.0960478,-0.5799752},
{-0.1175282,0.0963250,-0.5771308},
{-0.1324245,0.0964308,-0.5739089},
{-0.1471144,0.0969211,-0.5702440},
{-0.1616955,0.0972944,-0.5661974},
{-0.1756547,0.0979106,-0.5618684},
{-0.1897379,0.0980932,-0.5571504},
{-0.2032129,0.0981522,-0.5522420},
{-0.2161294,0.0981748,-0.5471479},
{-0.2286646,0.0978523,-0.5418748},
{-0.2404321,0.0977934,-0.5365113},
{-0.2517315,0.0980092,-0.5309418},
{-0.2622751,0.0981004,-0.5254490},
{-0.2729630,0.0982976,-0.5195173},
{-0.2825717,0.0989279,-0.5137820},
{-0.2913645,0.0991736,-0.5083219},
{-0.2997815,0.0992313,-0.5029022},
{-0.3075053,0.0987567,-0.4978107},
{-0.3146346,0.0980040,-0.4929731},
{-0.3213055,0.0973842,-0.4882929},
{-0.3274724,0.0971267,-0.4837303},
{-0.3335361,0.0968922,-0.4790832}
};
shoToWrVsWam2 = {
{-0.3401901,-0.0614912,-0.5465735},
{-0.3565984,-0.0591416,-0.5427614},
{-0.3721091,-0.0577149,-0.5389173},
{-0.3877763,-0.0562008,-0.5351913},
{-0.4032508,-0.0543903,-0.5315273},
{-0.4185611,-0.0528509,-0.5277729},
{-0.4332225,-0.0511314,-0.5238515},
{-0.4483934,-0.0492773,-0.5200115},
{-0.4627641,-0.0479606,-0.5164055},
{-0.4765589,-0.0467426,-0.5128635},
{-0.4901591,-0.0455606,-0.5094189},
{-0.5030152,-0.0441149,-0.5063096},
{-0.5154956,-0.0423133,-0.5037741},
{-0.5271089,-0.0407100,-0.5010617},
{-0.5388911,-0.0389513,-0.4984224},
{-0.5495857,-0.0366878,-0.4961217},
{-0.5594635,-0.0346781,-0.4939477},
{-0.5687569,-0.0331448,-0.4915519},
{-0.5773155,-0.0321203,-0.4892264},
{-0.5851211,-0.0316234,-0.4871590},
{-0.5923566,-0.0311405,-0.4847265},
{-0.5989197,-0.0306054,-0.4828057},
{-0.6053555,-0.0300361,-0.4809324}
};
shoToThVsWam2 = {
{-0.3746609,-0.1105654,-0.5447056},
{-0.3912504,-0.1080918,-0.5409952},
{-0.4072260,-0.1063382,-0.5373134},
{-0.4232626,-0.1045604,-0.5337515},
{-0.4389454,-0.1026034,-0.5303431},
{-0.4544484,-0.1009263,-0.5268418},
{-0.4693162,-0.0990592,-0.5234288},
{-0.4844203,-0.0972570,-0.5200956},
{-0.4991655,-0.0956532,-0.5169953},
{-0.5132890,-0.0941716,-0.5140429},
{-0.5271177,-0.0927902,-0.5112710},
{-0.5403968,-0.0909688,-0.5090160},
{-0.5531028,-0.0889429,-0.5071469},
{-0.5647611,-0.0872264,-0.5053672},
{-0.5766891,-0.0852898,-0.5033268},
{-0.5873922,-0.0829711,-0.5014621},
{-0.5973690,-0.0808276,-0.4997270},
{-0.6068160,-0.0791222,-0.4976822},
{-0.6154168,-0.0779782,-0.4959602},
{-0.6233245,-0.0773310,-0.4943221},
{-0.6305231,-0.0767354,-0.4927526},
{-0.6370590,-0.0760825,-0.4915940},
{-0.6434699,-0.0753982,-0.4903970}
};
shoToPiVsWam2 = {
{-0.3950744,-0.0719671,-0.5684361},
{-0.4115946,-0.0697787,-0.5642620},
{-0.4273362,-0.0674276,-0.5602628},
{-0.4431559,-0.0653367,-0.5563957},
{-0.4587456,-0.0630755,-0.5526198},
{-0.4741165,-0.0611899,-0.5488456},
{-0.4887791,-0.0591002,-0.5450640},
{-0.5038853,-0.0574609,-0.5413114},
{-0.5182853,-0.0556533,-0.5378113},
{-0.5320770,-0.0537379,-0.5345155},
{-0.5455527,-0.0520840,-0.5315321},
{-0.5583102,-0.0500748,-0.5288250},
{-0.5706833,-0.0479200,-0.5266407},
{-0.5821862,-0.0457569,-0.5243214},
{-0.5938971,-0.0436724,-0.5219180},
{-0.6044853,-0.0409700,-0.5199481},
{-0.6143037,-0.0386266,-0.5179677},
{-0.6234420,-0.0366516,-0.5159903},
{-0.6318347,-0.0352951,-0.5140775},
{-0.6395726,-0.0344662,-0.5121980},
{-0.6466153,-0.0336565,-0.5102149},
{-0.6530635,-0.0327887,-0.5085677},
{-0.6593789,-0.0319966,-0.5069638}
};
shoToEeVsWam2 = {
{-0.3648362,-0.0148898,-0.5752243},
{-0.3813957,-0.0124423,-0.5711211},
{-0.3965106,-0.0105011,-0.5667638},
{-0.4119055,-0.0086254,-0.5626570},
{-0.4272486,-0.0064827,-0.5585266},
{-0.4424026,-0.0046830,-0.5544456},
{-0.4568459,-0.0026305,-0.5501115},
{-0.4721701,-0.0006658,-0.5459267},
{-0.4861865,0.0010407,-0.5419057},
{-0.4995359,0.0027063,-0.5379008},
{-0.5127027,0.0042178,-0.5341956},
{-0.5250206,0.0061207,-0.5306437},
{-0.5371541,0.0082254,-0.5277897},
{-0.5485280,0.0102645,-0.5243603},
{-0.5600827,0.0123003,-0.5213173},
{-0.5705291,0.0147743,-0.5187718},
{-0.5802024,0.0170027,-0.5162858},
{-0.5890547,0.0187052,-0.5139033},
{-0.5973415,0.0199431,-0.5113253},
{-0.6049347,0.0206476,-0.5089574},
{-0.6119850,0.0214051,-0.5060263},
{-0.6184456,0.0222141,-0.5035141},
{-0.6247945,0.0229956,-0.5011751}
};
rMatsCh2 = {
{0.1799201,0.0995029,0.9786357},
{0.1540774,-0.9854416,0.0718681},
{0.9715395,0.1378552,-0.1926319},
{0.1739287,0.0978872,0.9798811},
{0.1567562,-0.9851118,0.0705855},
{0.9722018,0.1413256,-0.1866837},
{0.1714303,0.0973923,0.9803705},
{0.1600267,-0.9846394,0.0698337},
{0.9721127,0.1449139,-0.1843824},
{0.1667474,0.0953206,0.9813813},
{0.1638796,-0.9841515,0.0677448},
{0.9722853,0.1495321,-0.1797258},
{0.1620973,0.0939481,0.9822923},
{0.1680966,-0.9835365,0.0663279},
{0.9723518,0.1543684,-0.1752210},
{0.1569243,0.0936331,0.9831621},
{0.1731022,-0.9826927,0.0659593},
{0.9723222,0.1598369,-0.1704164},
{0.1515423,0.0936449,0.9840049},
{0.1794213,-0.9815706,0.0657813},
{0.9720303,0.1665828,-0.1655513},
{0.1471745,0.0918985,0.9848321},
{0.1855625,-0.9805611,0.0637693},
{0.9715484,0.1733627,-0.1613665},
{0.1406490,0.0916003,0.9858130},
{0.1934638,-0.9790587,0.0633706},
{0.9709735,0.1818062,-0.1554249},
{0.1421798,0.0934215,0.9854224},
{0.2027375,-0.9771793,0.0633885},
{0.9688562,0.1907695,-0.1578752},
{0.1467119,0.0955476,0.9845539},
{0.2125361,-0.9751227,0.0629616},
{0.9660766,0.2000161,-0.1633694},
{0.1195158,0.0897626,0.9887662},
{0.2253289,-0.9723689,0.0610377},
{0.9669244,0.2155027,-0.1364395},
{0.1100060,0.0880461,0.9900235},
{0.2382932,-0.9693548,0.0597301},
{0.9649430,0.2293452,-0.1276156},
{0.1022079,0.0868227,0.9909669},
{0.2532038,-0.9656433,0.0584886},
{0.9619987,0.2449385,-0.1206802},
{0.0865828,0.0838045,0.9927136},
{0.2742189,-0.9599692,0.0571233},
{0.9577617,0.2672749,-0.1060976},
{0.0756475,0.0793261,0.9939743},
{0.2933562,-0.9544855,0.0538484},
{0.9530056,0.2875150,-0.0954752},
{0.0912192,0.0838943,0.9922907},
{0.2799604,-0.9584178,0.0552943},
{0.9556679,0.2727582,-0.1109132},
{0.0880142,0.0895119,0.9920893},
{0.2901632,-0.9550673,0.0604295},
{0.9529212,0.2825491,-0.1100326},
{0.0824847,0.0903653,0.9924870},
{0.3029421,-0.9510281,0.0614133},
{0.9494327,0.2956004,-0.1058207},
{0.0786205,0.0908696,0.9927545},
{0.3151184,-0.9470427,0.0617299},
{0.9457903,0.3079819,-0.1030916},
{0.0773344,0.0918626,0.9927641},
{0.3271295,-0.9429584,0.0617712},
{0.9418098,0.3199854,-0.1029741},
{0.0743408,0.0946147,0.9927344},
{0.3381182,-0.9389137,0.0641653},
{0.9381629,0.3308914,-0.1017905},
{0.0707031,0.0966014,0.9928088},
{0.3489256,-0.9348157,0.0661098},
{0.9344795,0.3417422,-0.0998011},
{0.0000000,0.0000000,0.0000000},
{0.0000000,0.0000000,0.0000000},
{0.0000000,0.0000000,0.0000000}
};
xyzEulersCh2 = {
{0.6211459,1.8099473,2.4334144},
{0.6479867,1.8071350,2.4080780},
{0.6661102,1.8075151,2.3905851},
{0.6939517,1.8067778,2.3648681},
{0.7222141,1.8064935,2.3380275},
{0.7533744,1.8066202,2.3072137},
{0.7885037,1.8078662,2.2721570},
{0.8212213,1.8099096,2.2413319},
{0.8634681,1.8123247,2.1994167},
{0.8794687,1.8210234,2.1823943},
{0.8859063,1.8320125,2.1749767},
{1.0063776,1.8287092,2.0584717},
{1.0630265,1.8363665,2.0032888},
{1.1130092,1.8473628,1.9544526},
{1.1929129,1.8624779,1.8766333},
{1.2501829,1.8785859,1.8231673},
{1.1845826,1.8696727,1.8857779},
{1.1994367,1.8788642,1.8653023},
{1.2270250,1.8901687,1.8366309},
{1.2477868,1.9015733,1.8152998},
{1.2594534,1.9136184,1.8029376},
{1.2723588,1.9243077,1.7872190},
{1.2866618,1.9347983,1.7707203}
};
rMatsChInChF2 = {
{0.9786357,-0.0995029,0.1799201},
{0.0718681,0.9854416,0.1540774},
{-0.1926319,-0.1378552,0.9715395},
{0.9798811,-0.0978872,0.1739287},
{0.0705855,0.9851118,0.1567562},
{-0.1866837,-0.1413256,0.9722018},
{0.9803705,-0.0973923,0.1714303},
{0.0698337,0.9846394,0.1600267},
{-0.1843824,-0.1449139,0.9721127},
{0.9813813,-0.0953206,0.1667474},
{0.0677448,0.9841515,0.1638796},
{-0.1797258,-0.1495321,0.9722853},
{0.9822923,-0.0939481,0.1620973},
{0.0663279,0.9835365,0.1680966},
{-0.1752210,-0.1543684,0.9723518},
{0.9831621,-0.0936331,0.1569243},
{0.0659593,0.9826927,0.1731022},
{-0.1704164,-0.1598369,0.9723222},
{0.9840049,-0.0936449,0.1515423},
{0.0657813,0.9815706,0.1794213},
{-0.1655513,-0.1665828,0.9720303},
{0.9848321,-0.0918985,0.1471745},
{0.0637693,0.9805611,0.1855625},
{-0.1613665,-0.1733627,0.9715484},
{0.9858130,-0.0916003,0.1406490},
{0.0633706,0.9790587,0.1934638},
{-0.1554249,-0.1818062,0.9709735},
{0.9854224,-0.0934215,0.1421798},
{0.0633885,0.9771793,0.2027375},
{-0.1578752,-0.1907695,0.9688562},
{0.9845539,-0.0955476,0.1467119},
{0.0629616,0.9751227,0.2125361},
{-0.1633694,-0.2000161,0.9660766},
{0.9887662,-0.0897626,0.1195158},
{0.0610377,0.9723689,0.2253289},
{-0.1364395,-0.2155027,0.9669244},
{0.9900235,-0.0880461,0.1100060},
{0.0597301,0.9693548,0.2382932},
{-0.1276156,-0.2293452,0.9649430},
{0.9909669,-0.0868227,0.1022079},
{0.0584886,0.9656433,0.2532038},
{-0.1206802,-0.2449385,0.9619987},
{0.9927136,-0.0838045,0.0865828},
{0.0571233,0.9599692,0.2742189},
{-0.1060976,-0.2672749,0.9577617},
{0.9939743,-0.0793261,0.0756475},
{0.0538484,0.9544855,0.2933562},
{-0.0954752,-0.2875150,0.9530056},
{0.9922907,-0.0838943,0.0912192},
{0.0552943,0.9584178,0.2799604},
{-0.1109132,-0.2727582,0.9556679},
{0.9920893,-0.0895119,0.0880142},
{0.0604295,0.9550673,0.2901632},
{-0.1100326,-0.2825491,0.9529212},
{0.9924870,-0.0903653,0.0824847},
{0.0614133,0.9510281,0.3029421},
{-0.1058207,-0.2956004,0.9494327},
{0.9927545,-0.0908696,0.0786205},
{0.0617299,0.9470427,0.3151184},
{-0.1030916,-0.3079819,0.9457903},
{0.9927641,-0.0918626,0.0773344},
{0.0617712,0.9429584,0.3271295},
{-0.1029741,-0.3199854,0.9418098},
{0.9927344,-0.0946147,0.0743408},
{0.0641653,0.9389137,0.3381182},
{-0.1017905,-0.3308914,0.9381629},
{0.9928088,-0.0966014,0.0707031},
{0.0661098,0.9348157,0.3489256},
{-0.0998011,-0.3417422,0.9344795}
};
xyzEulersChInChF2 = {
{0.1572812,-0.1809052,-0.1013269},
{0.1598625,-0.1748178,-0.0995667},
{0.1631542,-0.1722812,-0.0990175},
{0.1669815,-0.1675300,-0.0968253},
{0.1711844,-0.1628157,-0.0953517},
{0.1761837,-0.1575756,-0.0949503},
{0.1825296,-0.1521284,-0.0948813},
{0.1887237,-0.1477110,-0.0930444},
{0.1966717,-0.1411169,-0.0926525},
{0.2062781,-0.1426633,-0.0945210},
{0.2165496,-0.1472433,-0.0967437},
{0.2289507,-0.1198022,-0.0905342},
{0.2421065,-0.1102290,-0.0887000},
{0.2573687,-0.1023867,-0.0873909},
{0.2788524,-0.0866913,-0.0842199},
{0.2986175,-0.0757198,-0.0796382},
{0.2849740,-0.0913462,-0.0843456},
{0.2955788,-0.0881282,-0.0899820},
{0.3088654,-0.0825785,-0.0907990},
{0.3216125,-0.0787017,-0.0912784},
{0.3343043,-0.0774117,-0.0922694},
{0.3459137,-0.0744094,-0.0950202},
{0.3573587,-0.0707621,-0.0969958}
};
inPtsRPi2inCh = {
{0.3127427,-0.7018430,0.4849720},
{0.3097358,-0.7027948,0.4772626},
{0.3088910,-0.7033037,0.4686639},
{0.3058933,-0.7037001,0.4614028},
{0.3033512,-0.7037594,0.4542874},
{0.3013215,-0.7030111,0.4475966},
{0.2993919,-0.7015857,0.4418678},
{0.2963362,-0.7006991,0.4360157},
{0.2936448,-0.6987467,0.4317125},
{0.2948050,-0.6962585,0.4261132},
{0.2967866,-0.6935665,0.4201177},
{0.2841642,-0.6898885,0.4262895},
{0.2795742,-0.6859348,0.4271742},
{0.2759229,-0.6811244,0.4291708},
{0.2690811,-0.6733795,0.4378496},
{0.2623260,-0.6671005,0.4443350},
{0.2687712,-0.6752859,0.4206861},
{0.2714637,-0.6713176,0.4185015},
{0.2701950,-0.6668899,0.4196633},
{0.2690840,-0.6627116,0.4202592},
{0.2689053,-0.6584466,0.4203626},
{0.2696926,-0.6540053,0.4201636},
{0.2697382,-0.6496393,0.4203457}
};
inPtsRTh2inCh = {
{0.3302171,-0.6512416,0.4815337},
{0.3269215,-0.6520720,0.4736211},
{0.3257619,-0.6524356,0.4648244},
{0.3225415,-0.6529080,0.4573918},
{0.3195983,-0.6527612,0.4499615},
{0.3172454,-0.6519657,0.4430354},
{0.3148673,-0.6504036,0.4370034},
{0.3113682,-0.6495167,0.4308591},
{0.3082581,-0.6476383,0.4262098},
{0.3088800,-0.6449547,0.4199178},
{0.3104248,-0.6421770,0.4131585},
{0.2973880,-0.6388908,0.4188725},
{0.2924027,-0.6349353,0.4189208},
{0.2880653,-0.6299998,0.4202457},
{0.2808028,-0.6225291,0.4278690},
{0.2740199,-0.6162947,0.4334339},
{0.2799939,-0.6243474,0.4103431},
{0.2823547,-0.6203789,0.4074417},
{0.2807048,-0.6160287,0.4078932},
{0.2792377,-0.6119418,0.4077863},
{0.2783895,-0.6077999,0.4071949},
{0.2784065,-0.6033289,0.4064321},
{0.2778273,-0.5990338,0.4060816}
};
inPtsRW2inCh = {
{0.3411201,-0.7021027,0.5293700},
{0.3377266,-0.7030954,0.5222930},
{0.3366405,-0.7026264,0.5139616},
{0.3333027,-0.7023517,0.5069744},
{0.3304187,-0.7018219,0.5000391},
{0.3281359,-0.7005156,0.4935281},
{0.3261558,-0.6984303,0.4880371},
{0.3230040,-0.6974603,0.4823069},
{0.3202088,-0.6946510,0.4783373},
{0.3217183,-0.6910418,0.4726793},
{0.3243917,-0.6874125,0.4664308},
{0.3108074,-0.6826052,0.4731128},
{0.3061381,-0.6776739,0.4741296},
{0.3024616,-0.6716155,0.4760315},
{0.2950233,-0.6625465,0.4847123},
{0.2879870,-0.6549867,0.4910348},
{0.2953653,-0.6635272,0.4670224},
{0.2982656,-0.6585471,0.4645027},
{0.2970942,-0.6531673,0.4654002},
{0.2959696,-0.6480674,0.4657995},
{0.2960838,-0.6429505,0.4654131},
{0.2969977,-0.6375982,0.4649560},
{0.2971471,-0.6324352,0.4649258}
};
inPtsRLA2inCh = {
{0.3491117,-0.7504843,0.6245969},
{0.3450525,-0.7499465,0.6180242},
{0.3437687,-0.7487786,0.6103122},
{0.3400092,-0.7476421,0.6038635},
{0.3369506,-0.7460896,0.5975166},
{0.3346207,-0.7436643,0.5916967},
{0.3326663,-0.7404510,0.5867509},
{0.3299092,-0.7376797,0.5816812},
{0.3275077,-0.7334181,0.5783126},
{0.3303768,-0.7280845,0.5732916},
{0.3348329,-0.7226112,0.5678194},
{0.3195846,-0.7155684,0.5754771},
{0.3152226,-0.7083623,0.5772585},
{0.3120433,-0.7000203,0.5798911},
{0.3044360,-0.6876803,0.5894118},
{0.2976091,-0.6769674,0.5966169},
{0.3080646,-0.6860304,0.5721234},
{0.3122098,-0.6789200,0.5699513},
{0.3116137,-0.6712565,0.5712343},
{0.3114026,-0.6640431,0.5718705},
{0.3125370,-0.6570844,0.5718583},
{0.3145628,-0.6499321,0.5715095},
{0.3158213,-0.6429734,0.5715699}
};
inPtsREl2inCh = {
{0.3609185,-0.7922503,0.7375217},
{0.3550868,-0.7907594,0.7313262},
{0.3527153,-0.7888388,0.7240613},
{0.3478301,-0.7866303,0.7181152},
{0.3438619,-0.7840855,0.7120500},
{0.3407427,-0.7807774,0.7065389},
{0.3380000,-0.7764126,0.7020189},
{0.3344202,-0.7725389,0.6970688},
{0.3312610,-0.7668399,0.6940089},
{0.3344449,-0.7600413,0.6890987},
{0.3396360,-0.7528325,0.6836678},
{0.3216187,-0.7437668,0.6919400},
{0.3171129,-0.7343850,0.6941494},
{0.3138047,-0.7235112,0.6973216},
{0.3053277,-0.7080834,0.7074137},
{0.2981566,-0.6944908,0.7149784},
{0.3116095,-0.7044934,0.6902036},
{0.3166490,-0.6957248,0.6879940},
{0.3164499,-0.6859223,0.6893511},
{0.3166094,-0.6767392,0.6900694},
{0.3182106,-0.6677402,0.6900850},
{0.3207290,-0.6589528,0.6898170},
{0.3223711,-0.6503696,0.6899434}
};
inPtsRUA2inCh = {
{0.5156689,-0.7795248,0.7378270},
{0.5096532,-0.7776386,0.7376621},
{0.5070206,-0.7751225,0.7356366},
{0.5011537,-0.7724896,0.7355137},
{0.4966046,-0.7695721,0.7348824},
{0.4926192,-0.7658964,0.7347096},
{0.4886380,-0.7598483,0.7353512},
{0.4837754,-0.7555512,0.7353237},
{0.4791445,-0.7491816,0.7371451},
{0.4813405,-0.7415424,0.7355081},
{0.4855607,-0.7334210,0.7325930},
{0.4646853,-0.7233476,0.7476840},
{0.4577979,-0.7126039,0.7535659},
{0.4524334,-0.7001656,0.7598164},
{0.4411062,-0.6825233,0.7738549},
{0.4313158,-0.6669863,0.7845039},
{0.4440605,-0.6773395,0.7599098},
{0.4475179,-0.6665150,0.7597797},
{0.4457680,-0.6552645,0.7633381},
{0.4445757,-0.6447808,0.7658458},
{0.4451176,-0.6346421,0.7671264},
{0.4461007,-0.6243266,0.7682384},
{0.4462605,-0.6146032,0.7697320}
};
inPtsRSh2inCh = {
{0.6590239,-0.7030995,0.6910272},
{0.6536667,-0.7012547,0.6948502},
{0.6511686,-0.6985963,0.6963844},
{0.6461806,-0.6960766,0.6999219},
{0.6416256,-0.6927757,0.7031894},
{0.6377281,-0.6882891,0.7070386},
{0.6336123,-0.6825304,0.7114402},
{0.6290028,-0.6778548,0.7153645},
{0.6239675,-0.6708631,0.7212631},
{0.6252600,-0.6624917,0.7224112},
{0.6286239,-0.6539038,0.7219423},
{0.6069875,-0.6434926,0.7438564},
{0.5990759,-0.6324009,0.7540289},
{0.5924797,-0.6195256,0.7639409},
{0.5799740,-0.6011503,0.7823773},
{0.5689753,-0.5851103,0.7964321},
{0.5808231,-0.5953682,0.7738015},
{0.5824092,-0.5831755,0.7757785},
{0.5788150,-0.5710578,0.7814710},
{0.5759493,-0.5598863,0.7858497},
{0.5748594,-0.5488978,0.7884864},
{0.5742637,-0.5375134,0.7908561},
{0.5726349,-0.5264548,0.7937108}
};
inPtsRCh2inCh = {
{0.5820454,-0.6030376,0.6726364},
{0.5766764,-0.6013450,0.6761600},
{0.5740780,-0.5989614,0.6778386},
{0.5690300,-0.5965593,0.6811577},
{0.5644956,-0.5934748,0.6844826},
{0.5603918,-0.5893250,0.6882229},
{0.5562920,-0.5840837,0.6926690},
{0.5515357,-0.5796169,0.6966026},
{0.5465069,-0.5730790,0.7021864},
{0.5477112,-0.5651802,0.7037264},
{0.5508201,-0.5568898,0.7036164},
{0.5298645,-0.5468600,0.7229068},
{0.5220386,-0.5362096,0.7319062},
{0.5154690,-0.5239640,0.7405257},
{0.5028094,-0.5060375,0.7553344},
{0.4922961,-0.4903566,0.7669506},
{0.5046854,-0.5010173,0.7518595},
{0.5047523,-0.4900963,0.7547135},
{0.5009964,-0.4784251,0.7602546},
{0.4981011,-0.4674790,0.7647047},
{0.4969674,-0.4567302,0.7677529},
{0.4960696,-0.4459980,0.7706784},
{0.4941702,-0.4353749,0.7738790}
};
inPtsMCh2inCh = {
{0.5065343,-0.5362793,0.6726364},
{0.5010475,-0.5346552,0.6761600},
{0.4984383,-0.5323042,0.6778386},
{0.4935221,-0.5301036,0.6811577},
{0.4889608,-0.5271797,0.6844826},
{0.4847473,-0.5230610,0.6882229},
{0.4806315,-0.5179501,0.6926690},
{0.4758839,-0.5136876,0.6966026},
{0.4708608,-0.5072292,0.7021864},
{0.4722433,-0.4994301,0.7037264},
{0.4756318,-0.4913432,0.7036164},
{0.4542218,-0.4814423,0.7229068},
{0.4463934,-0.4710738,0.7319062},
{0.4398923,-0.4590972,0.7405257},
{0.4274898,-0.4417772,0.7553344},
{0.4170108,-0.4266281,0.7669506},
{0.4283490,-0.4368534,0.7518595},
{0.4289858,-0.4261030,0.7547135},
{0.4252039,-0.4145458,0.7602546},
{0.4222205,-0.4038020,0.7647047},
{0.4211992,-0.3932706,0.7677529},
{0.4202507,-0.3825988,0.7706784},
{0.4184472,-0.3721699,0.7738790}
};
inPtsLCh2inCh = {
{0.5897259,-0.4627308,0.6726364},
{0.5843390,-0.4612086,0.6761600},
{0.5816508,-0.4589736,0.6778386},
{0.5768070,-0.4568031,0.6811577},
{0.5722856,-0.4540475,0.6844826},
{0.5680373,-0.4500995,0.6882229},
{0.5639726,-0.4451031,0.6926690},
{0.5594090,-0.4408968,0.6966026},
{0.5543401,-0.4345607,0.7021864},
{0.5553645,-0.4270121,0.7037264},
{0.5584647,-0.4191323,0.7036164},
{0.5375589,-0.4093703,0.7229068},
{0.5298343,-0.3992253,0.7319062},
{0.5234524,-0.3873782,0.7405257},
{0.5114113,-0.3701780,0.7553344},
{0.5012775,-0.3552970,0.7669506},
{0.5128722,-0.3658082,0.7518595},
{0.5133474,-0.3548500,0.7547135},
{0.5095709,-0.3434398,0.7602546},
{0.5067540,-0.3328638,0.7647047},
{0.5057372,-0.3224659,0.7677529},
{0.5048273,-0.3118764,0.7706784},
{0.5029900,-0.3016031,0.7738790}
};
inPtsLSh2inCh = {
{0.6441314,-0.3635723,0.7067403},
{0.6386947,-0.3620992,0.7102167},
{0.6361908,-0.3597671,0.7114504},
{0.6314292,-0.3577195,0.7146397},
{0.6271119,-0.3549288,0.7177538},
{0.6229778,-0.3510424,0.7213719},
{0.6187539,-0.3458784,0.7254821},
{0.6144958,-0.3418502,0.7292447},
{0.6094784,-0.3354421,0.7345961},
{0.6108643,-0.3277400,0.7352924},
{0.6144700,-0.3199062,0.7341463},
{0.5930824,-0.3102329,0.7540628},
{0.5853865,-0.3000464,0.7626388},
