(* /home/sara/Dropbox/Reaching Study/Gilwoo_Automated_v2/csv_only_manual_inspection/2016_12_14_study_4_Part10_1/2016_12_14_study_4_Part10_1_428_680_clean_phase2.csv
shoToElMeanLH: 0.322572
elToLaMeanLH: 0.12115
elToWrMeanLH: 0.227808
WrToThMeanLH: 0.0748373
WrToPkMeanLH: 0.804344
shoToElMeanLH / elToWrMeanLH: 1.41598
shoToElMeanLWam: 0.55
elToWrMeanLWam: 0.3
shoToElMeanLWam / elToWrMeanLWam: 1.83333
cameraToBaseR0 = {
{0.3076591,-0.2189914,0.9259528},
{0.6953547,0.7160132,-0.0617002},
{-0.6494826,0.6628483,0.3725647}
};
cameraToBaseR1 = {
{0.3081575,-0.2195176,0.9256624},
{0.6946015,0.7167822,-0.0612538},
{-0.6500521,0.6618423,0.3733591}
};
cameraToBaseR2 = {
{0.3089061,-0.2190317,0.9255280},
{0.6937406,0.7175750,-0.0617259},
{-0.6506159,0.6611438,0.3736145}
};
cameraToBaseR3 = {
{0.3086580,-0.2174907,0.9259741},
{0.6928755,0.7183669,-0.0622301},
{-0.6516547,0.6607926,0.3724237}
};
cameraToBaseR4 = {
{0.3088961,-0.2166439,0.9260932},
{0.6912820,0.7199060,-0.0621655},
{-0.6532323,0.6593942,0.3721382}
};
cameraToBaseR5 = {
{0.3096049,-0.2167235,0.9258378},
{0.6909062,0.7202425,-0.0624456},
{-0.6532943,0.6590006,0.3727262}
};
cameraToBaseR6 = {
{0.3096448,-0.2161559,0.9259572},
{0.6897401,0.7213758,-0.0622543},
{-0.6545065,0.6579465,0.3724617}
};
cameraToBaseR7 = {
{0.3103541,-0.2162352,0.9257012},
{0.6885201,0.7225576,-0.0620532},
{-0.6554543,0.6566223,0.3731310}
};
cameraToBaseR8 = {
{0.3125720,-0.2125490,0.9258086},
{0.6911531,0.7194865,-0.0681664},
{-0.6516181,0.6611824,0.3717953}
};
cameraToBaseR9 = {
{0.3120976,-0.2090578,0.9267631},
{0.6913235,0.7190879,-0.0706000},
{-0.6516647,0.6627272,0.3689522}
};
cameraToBaseR10 = {
{0.3123673,-0.2050655,0.9275639},
{0.6929293,0.7171137,-0.0748123},
{-0.6498274,0.6661052,0.3660988}
};
cameraToBaseR11 = {
{0.3130164,-0.2007128,0.9282969},
{0.6948442,0.7147234,-0.0797627},
{-0.6474661,0.6699887,0.3631843}
};
cameraToBaseR12 = {
{0.3128108,-0.1955815,0.9294607},
{0.6974802,0.7115437,-0.0850112},
{-0.6447253,0.6748729,0.3589928}
};
cameraToBaseR13 = {
{0.3118981,-0.1901379,0.9308959},
{0.7004824,0.7079599,-0.0900951},
{-0.6419065,0.6801767,0.3539996}
};
cameraToBaseR14 = {
{0.3116693,-0.1819572,0.9326059},
{0.7032321,0.7042271,-0.0976154},
{-0.6390045,0.6862622,0.3474442}
};
cameraToBaseR15 = {
{0.3126301,-0.1746874,0.9336738},
{0.7066194,0.6996545,-0.1057004},
{-0.6347845,0.6927972,0.3421705}
};
cameraToBaseR16 = {
{0.3117675,-0.1673635,0.9353024},
{0.7097928,0.6954242,-0.1121580},
{-0.6316607,0.6988381,0.3356041}
};
cameraToBaseR17 = {
{0.3107907,-0.1617566,0.9366130},
{0.7127234,0.6916093,-0.1170552},
{-0.6288359,0.7039257,0.3302335}
};
cameraToBaseR18 = {
{0.3075106,-0.1543630,0.9389405},
{0.7158532,0.6876158,-0.1214028},
{-0.6268902,0.7094762,0.3219504}
};
cameraToBaseR19 = {
{0.3044171,-0.1458030,0.9413138},
{0.7194708,0.6828294,-0.1269084},
{-0.6242532,0.7158809,0.3127660}
};
cameraToBaseR20 = {
{0.2998371,-0.1364565,0.9441808},
{0.7234477,0.6776817,-0.1317993},
{-0.6218691,0.7225837,0.3019132}
};
cameraToBaseR21 = {
{0.2958015,-0.1248393,0.9470568},
{0.7285244,0.6707423,-0.1391296},
{-0.6178622,0.7311087,0.2893551}
};
cameraToBaseR22 = {
{0.2907914,-0.1123652,0.9501655},
{0.7327203,0.6647653,-0.1456296},
{-0.6152733,0.7385534,0.2756403}
};
cameraToBaseR23 = {
{0.2857392,-0.0979323,0.9532903},
{0.7369542,0.6583380,-0.1532630},
{-0.6125779,0.7463245,0.2602846}
};
cameraToBaseR24 = {
{0.2794910,-0.0838473,0.9564802},
{0.7413866,0.6518488,-0.1594963},
{-0.6101072,0.7536994,0.2443491}
};
cameraToBaseR25 = {
{0.2729110,-0.0691624,0.9595500},
{0.7463743,0.6445370,-0.1658236},
{-0.6069967,0.7614385,0.2275222}
};
cameraToBaseR26 = {
{0.2617735,-0.0613727,0.9631760},
{0.7523323,0.6380924,-0.1638114},
{-0.6045417,0.7675099,0.2132083}
};
cameraToBaseR27 = {
{0.2573974,-0.0668483,0.9639906},
{0.7587929,0.6316762,-0.1588032},
{-0.5983142,0.7723448,0.2133158}
};
cameraToBaseR28 = {
{0.2557566,-0.0694107,0.9642462},
{0.7651441,0.6241676,-0.1580164},
{-0.5908832,0.7782011,0.2127442}
};
cameraToBaseR29 = {
{0.2530889,-0.0706149,0.9648624},
{0.7711318,0.6169845,-0.1571173},
{-0.5842104,0.7838007,0.2106054}
};
cameraToBaseR30 = {
{0.2532076,-0.0725237,0.9646897},
{0.7776029,0.6084873,-0.1583569},
{-0.5755168,0.7902427,0.2104682}
};
cameraToBaseR31 = {
{0.2536281,-0.0730899,0.9645365},
{0.7841138,0.5994341,-0.1607619},
{-0.5664260,0.7970801,0.2093441}
};
cameraToBaseR32 = {
{0.2531370,-0.0762536,0.9644206},
{0.7902124,0.5914013,-0.1606514},
{-0.5581093,0.8027639,0.2099621}
};
cameraToBaseR33 = {
{0.2519544,-0.0768992,0.9646790},
{0.7958288,0.5836345,-0.1613298},
{-0.5506138,0.8083670,0.2082479}
};
cameraToBaseR34 = {
{0.2520571,-0.0794324,0.9644468},
{0.8016562,0.5753811,-0.1621233},
{-0.5420466,0.8140191,0.2087064}
};
cameraToBaseR35 = {
{0.2526046,-0.0812837,0.9641493},
{0.8078565,0.5661231,-0.1639287},
{-0.5325025,0.8203034,0.2086708}
};
cameraToBaseR36 = {
{0.2528978,-0.0805526,0.9641338},
{0.8132740,0.5574765,-0.1667497},
{-0.5240498,0.8262755,0.2064959}
};
cameraToBaseR37 = {
{0.2528722,-0.0817932,0.9640361},
{0.8185912,0.5492205,-0.1681228},
{-0.5157171,0.8316650,0.2058378}
};
cameraToBaseR38 = {
{0.2530373,-0.0812219,0.9640410},
{0.8246163,0.5392246,-0.1710113},
{-0.5059448,0.8382362,0.2034208}
};
cameraToBaseR39 = {
{0.2518021,-0.0843506,0.9640958},
{0.8310046,0.5294201,-0.1707214},
{-0.4960112,0.8441560,0.2034048}
};
cameraToBaseR40 = {
{0.2537357,-0.0831203,0.9636956},
{0.8347964,0.5220839,-0.1747666},
{-0.4886033,0.8488341,0.2018598}
};
cameraToBaseR41 = {
{0.2624822,-0.0801855,0.9615994},
{0.8317853,0.5239401,-0.1833575},
{-0.4891178,0.8479724,0.2042220}
};
cameraToBaseR42 = {
{0.2643765,-0.0808165,0.9610274},
{0.8355843,0.5167688,-0.1864103},
{-0.4815640,0.8523020,0.2041506}
};
cameraToBaseR43 = {
{0.2665907,-0.0815454,0.9603540},
{0.8392583,0.5095653,-0.1897069},
{-0.4738933,0.8565592,0.2042830}
};
cameraToBaseR44 = {
{0.2687151,-0.0791077,0.9599657},
{0.8427952,0.5018387,-0.1945616},
{-0.4663566,0.8613361,0.2015232}
};
cameraToBaseR45 = {
{0.2714919,-0.0810705,0.9590202},
{0.8460343,0.4951366,-0.1976502},
{-0.4588224,0.8650244,0.2030140}
};
cameraToBaseR46 = {
{0.2722791,-0.0792313,0.9589507},
{0.8489154,0.4889658,-0.2006365},
{-0.4529974,0.8686972,0.2003959}
};
cameraToBaseR47 = {
{0.2735803,-0.0805018,0.9584745},
{0.8520674,0.4826013,-0.2026748},
{-0.4462453,0.8721327,0.2006232}
};
cameraToBaseR48 = {
{0.2739381,-0.0793476,0.9584685},
{0.8546209,0.4771781,-0.2047540},
{-0.4411135,0.8752171,0.1985294}
};
cameraToBaseR49 = {
{0.2742554,-0.0800700,0.9583177},
{0.8574731,0.4714907,-0.2060010},
{-0.4353433,0.8782285,0.1979667}
};
cameraToBaseR50 = {
{0.2734193,-0.0801946,0.9585462},
{0.8602965,0.4661448,-0.2063953},
{-0.4302695,0.8810663,0.1964441}
};
cameraToBaseR51 = {
{0.2728210,-0.0808359,0.9586627},
{0.8632068,0.4605417,-0.2068221},
{-0.4247856,0.8839496,0.1954235}
};
cameraToBaseR52 = {
{0.2705079,-0.0796355,0.9594184},
{0.8661167,0.4552301,-0.2064156},
{-0.4203181,0.8868054,0.1921170}
};
cameraToBaseR53 = {
{0.2711072,-0.0789939,0.9593023},
{0.8680729,0.4506617,-0.2082151},
{-0.4158731,0.8891929,0.1907501}
};
cameraToBaseR54 = {
{0.2703843,-0.0777039,0.9596116},
{0.8707920,0.4448592,-0.2093360},
{-0.4106258,0.8922233,0.1879469}
};
cameraToBaseR55 = {
{0.2707520,-0.0759118,0.9596514},
{0.8728826,0.4397142,-0.2114885},
{-0.4059179,0.8949239,0.1853156}
};
cameraToBaseR56 = {
{0.2700274,-0.0746211,0.9599567},
{0.8756473,0.4336376,-0.2126035},
{-0.4004086,0.8979923,0.1824358}
};
cameraToBaseR57 = {
{0.2692900,-0.0739599,0.9602150},
{0.8781827,0.4281296,-0.2133079},
{-0.3953202,0.9006858,0.1802414}
};
cameraToBaseR58 = {
{0.2628104,-0.0747268,0.9619494},
{0.8780166,0.4318734,-0.2063304},
{-0.4000219,0.8988333,0.1791122}
};
cameraToBaseR59 = {
{0.2655265,-0.0728772,0.9613452},
{0.8808002,0.4237991,-0.2111525},
{-0.3920290,0.9028196,0.1767201}
};
cameraToBaseR60 = {
{0.2669385,-0.0691123,0.9612322},
{0.8835348,0.4158639,-0.2154611},
{-0.3848507,0.9067970,0.1720732}
};
cameraToBaseR61 = {
{0.2708886,-0.0689880,0.9601354},
{0.8857428,0.4084313,-0.2205530},
{-0.3769338,0.9101783,0.1717450}
};
cameraToBaseR62 = {
{0.2720173,-0.0665777,0.9599865},
{0.8876753,0.4025304,-0.2236110},
{-0.3715363,0.9129823,0.1685946}
};
cameraToBaseR63 = {
{0.2715214,-0.0664563,0.9601352},
{0.8901293,0.3967047,-0.2242660},
{-0.3659862,0.9155375,0.1668685}
};
cameraToBaseR64 = {
{0.2747823,-0.0664796,0.9592055},
{0.8914593,0.3914120,-0.2282476},
{-0.3602707,0.9178110,0.1668169}
};
cameraToBaseR65 = {
{0.2753558,-0.0670982,0.9589979},
{0.8934803,0.3860133,-0.2295357},
{-0.3547845,0.9200498,0.1662419}
};
cameraToBaseR66 = {
{0.2762993,-0.0659063,0.9588092},
{0.8951320,0.3808147,-0.2317732},
{-0.3498533,0.9222996,0.1642136}
};
cameraToBaseR67 = {
{0.2773010,-0.0658431,0.9585243},
{0.8966684,0.3760711,-0.2335729},
{-0.3450941,0.9242485,0.1633243}
};
cameraToBaseR68 = {
{0.2807057,-0.0671666,0.9574408},
{0.8978461,0.3709496,-0.2372106},
{-0.3392297,0.9262208,0.1644329}
};
cameraToBaseR69 = {
{0.2759780,-0.0697875,0.9586271},
{0.9032023,0.3599366,-0.2338187},
{-0.3287273,0.9303630,0.1623669}
};
cameraToBaseR70 = {
{0.2930719,-0.0645644,0.9539079},
{0.8996212,0.3564298,-0.2522686},
{-0.3237136,0.9320887,0.1625431}
};
cameraToBaseR71 = {
{0.2943695,-0.0664705,0.9533773},
{0.9004748,0.3534660,-0.2533910},
{-0.3201434,0.9330828,0.1639046}
};
cameraToBaseR72 = {
{0.2932247,-0.0658647,0.9537720},
{0.9021707,0.3492210,-0.2532444},
{-0.3163973,0.9347227,0.1618215}
};
cameraToBaseR73 = {
{0.2937787,-0.0671132,0.9535145},
{0.9038559,0.3440876,-0.2542602},
{-0.3110283,0.9365359,0.1617463}
};
cameraToBaseR74 = {
{0.2937911,-0.0664829,0.9535548},
{0.9053283,0.3394402,-0.2552664},
{-0.3067040,0.9382752,0.1599134}
};
cameraToBaseR75 = {
{0.2943570,-0.0671007,0.9533370},
{0.9065456,0.3353860,-0.2563033},
{-0.3025377,0.9396881,0.1595531}
};
cameraToBaseR76 = {
{0.2939809,-0.0658923,0.9535373},
{0.9082336,0.3300881,-0.2572035},
{-0.2978036,0.9416475,0.1568852}
};
cameraToBaseR77 = {
{0.2949034,-0.0665911,0.9532039},
{0.9093212,0.3260157,-0.2585514},
{-0.2935422,0.9430161,0.1566958}
};
cameraToBaseR78 = {
{0.2941950,-0.0640381,0.9535976},
{0.9104294,0.3223642,-0.2592290},
{-0.2908052,0.9444472,0.1531401}
};
cameraToBaseR79 = {
{0.2941709,-0.0653009,0.9535194},
{0.9115177,0.3191716,-0.2593548},
{-0.2874002,0.9454445,0.1534139}
};
cameraToBaseR80 = {
{0.2943488,-0.0653404,0.9534618},
{0.9127612,0.3148982,-0.2602040},
{-0.2832416,0.9468737,0.1523301}
};
cameraToBaseR81 = {
{0.2945391,-0.0647478,0.9534435},
{0.9136341,0.3116255,-0.2610789},
{-0.2802130,0.9479964,0.1509417}
};
cameraToBaseR82 = {
{0.2930360,-0.0640620,0.9539528},
{0.9152141,0.3074547,-0.2604894},
{-0.2766098,0.9494039,0.1487257}
};
cameraToBaseR83 = {
{0.2930360,-0.0640620,0.9539528},
{0.9162648,0.3038234,-0.2610560},
{-0.2731094,0.9505722,0.1477289}
};
cameraToBaseR84 = {
{0.2942303,-0.0621435,0.9537121},
{0.9169246,0.2998320,-0.2633441},
{-0.2695883,0.9519658,0.1452005}
};
cameraToBaseR85 = {
{0.2957455,-0.0621954,0.9532399},
{0.9178930,0.2948928,-0.2655384},
{-0.2645883,0.9535041,0.1443020}
};
cameraToBaseR86 = {
{0.2955898,-0.0608940,0.9533722},
{0.9191167,0.2902397,-0.2664307},
{-0.2604824,0.9550146,0.1417606}
};
cameraToBaseR87 = {
{0.2961799,-0.0602507,0.9532299},
{0.9203398,0.2849149,-0.2679519},
{-0.2554451,0.9566574,0.1398372}
};
cameraToBaseR88 = {
{0.2981167,-0.0589891,0.9527049},
{0.9207039,0.2811183,-0.2706970},
{-0.2518546,0.9578585,0.1381175}
};

Solver Summary (v 1.12.0-eigen-(3.2.92)-lapack-suitesparse-(4.4.6)-cxsparse-(3.1.4)-openmp)

                                     Original                  Reduced
Parameter blocks                            1                        1
Parameters                                 16                       16
Residual blocks                            89                       89
Residual                                  267                      267

Minimizer                        TRUST_REGION

Sparse linear algebra library    SUITE_SPARSE
Trust region strategy     LEVENBERG_MARQUARDT

                                        Given                     Used
Linear solver          SPARSE_NORMAL_CHOLESKY   SPARSE_NORMAL_CHOLESKY
Threads                                     1                        1
Linear solver threads                       1                        1
Linear solver ordering              AUTOMATIC                        1

Cost:
Initial                          2.671226e+01
Final                            3.352496e-02
Change                           2.667873e+01

Minimizer iterations                       40
Successful steps                           25
Unsuccessful steps                         15
Line search steps                         186

Time (in seconds):
Preprocessor                           0.0001

  Residual evaluation                  0.1075
    Line search cost evaluation        0.0000
  Jacobian evaluation                115.1270
    Line search gradient evaluation    103.2412
  Linear solver                        0.0074
  Line search polynomial minimization  0.0030
Minimizer                            115.2478

Postprocessor                          0.0000
Total                                115.2479

Termination:                      CONVERGENCE (Parameter tolerance reached. Relative step_norm: 0.000000e+00 <= 1.000000e-50.)

JinDegreeElb0 = {
{39.7361559,-94.7317088,-131.2108813,0.0000000,0.0000000,0.0000000,0.0000000},
{38.6458307,-95.0661004,-129.4332118,0.0000000,0.0000000,0.0000000,0.0000000},
{37.5694080,-95.3754929,-127.6956070,0.0000000,0.0000000,0.0000000,0.0000000},
{36.5066495,-95.6603101,-125.9976247,0.0000000,0.0000000,0.0000000,0.0000000},
{35.4573167,-95.9209759,-124.3388227,0.0000000,0.0000000,0.0000000,0.0000000},
{34.4211714,-96.1579139,-122.7187586,0.0000000,0.0000000,0.0000000,0.0000000},
{33.3979752,-96.3715481,-121.1369902,0.0000000,0.0000000,0.0000000,0.0000000},
{32.3874897,-96.5623021,-119.5930753,0.0000000,0.0000000,0.0000000,0.0000000},
{31.3894766,-96.7305999,-118.0865715,0.0000000,0.0000000,0.0000000,0.0000000},
{30.4036976,-96.8768652,-116.6170366,0.0000000,0.0000000,0.0000000,0.0000000},
{29.4299142,-97.0015218,-115.1840284,0.0000000,0.0000000,0.0000000,0.0000000},
{28.4678881,-97.1049936,-113.7871044,0.0000000,0.0000000,0.0000000,0.0000000},
{27.5173810,-97.1877043,-112.4258226,0.0000000,0.0000000,0.0000000,0.0000000},
{26.5781545,-97.2500777,-111.0997406,0.0000000,0.0000000,0.0000000,0.0000000},
{25.6499702,-97.2925377,-109.8084161,0.0000000,0.0000000,0.0000000,0.0000000},
{24.7325899,-97.3155080,-108.5514068,0.0000000,0.0000000,0.0000000,0.0000000},
{23.8257751,-97.3194125,-107.3282706,0.0000000,0.0000000,0.0000000,0.0000000},
{22.9292875,-97.3046748,-106.1385651,0.0000000,0.0000000,0.0000000,0.0000000},
{22.0428887,-97.2717190,-104.9818480,0.0000000,0.0000000,0.0000000,0.0000000},
{21.1663404,-97.2209687,-103.8576772,0.0000000,0.0000000,0.0000000,0.0000000},
{20.2994043,-97.1528478,-102.7656102,0.0000000,0.0000000,0.0000000,0.0000000},
{19.4418419,-97.0677800,-101.7052049,0.0000000,0.0000000,0.0000000,0.0000000},
{18.5934150,-96.9661892,-100.6760189,0.0000000,0.0000000,0.0000000,0.0000000},
{17.7538851,-96.8484991,-99.6776101,0.0000000,0.0000000,0.0000000,0.0000000},
{16.9230140,-96.7151336,-98.7095361,0.0000000,0.0000000,0.0000000,0.0000000},
{16.1005632,-96.5665165,-97.7713547,0.0000000,0.0000000,0.0000000,0.0000000},
{15.2862944,-96.4030716,-96.8626235,0.0000000,0.0000000,0.0000000,0.0000000},
{14.4799693,-96.2252226,-95.9829004,0.0000000,0.0000000,0.0000000,0.0000000},
{13.6813495,-96.0333935,-95.1317430,0.0000000,0.0000000,0.0000000,0.0000000},
{12.8901966,-95.8280079,-94.3087091,0.0000000,0.0000000,0.0000000,0.0000000},
{12.1062724,-95.6094897,-93.5133564,0.0000000,0.0000000,0.0000000,0.0000000},
{11.3293384,-95.3782627,-92.7452426,0.0000000,0.0000000,0.0000000,0.0000000},
{10.5591562,-95.1347507,-92.0039255,0.0000000,0.0000000,0.0000000,0.0000000},
{9.7954876,-94.8793775,-91.2889628,0.0000000,0.0000000,0.0000000,0.0000000},
{9.0380942,-94.6125669,-90.5999123,0.0000000,0.0000000,0.0000000,0.0000000},
{8.2867376,-94.3347427,-89.9363316,0.0000000,0.0000000,0.0000000,0.0000000},
{7.5411795,-94.0463287,-89.2977784,0.0000000,0.0000000,0.0000000,0.0000000},
{6.8011815,-93.7477487,-88.6838106,0.0000000,0.0000000,0.0000000,0.0000000},
{6.0665052,-93.4394265,-88.0939859,0.0000000,0.0000000,0.0000000,0.0000000},
{5.3369124,-93.1217859,-87.5278619,0.0000000,0.0000000,0.0000000,0.0000000},
{4.6121646,-92.7952508,-86.9849964,0.0000000,0.0000000,0.0000000,0.0000000},
{3.8920236,-92.4602449,-86.4649471,0.0000000,0.0000000,0.0000000,0.0000000},
{3.1762508,-92.1171920,-85.9672719,0.0000000,0.0000000,0.0000000,0.0000000},
{2.4646081,-91.7665159,-85.4915283,0.0000000,0.0000000,0.0000000,0.0000000},
{1.7568570,-91.4086405,-85.0372741,0.0000000,0.0000000,0.0000000,0.0000000},
{1.0527592,-91.0439895,-84.6040671,0.0000000,0.0000000,0.0000000,0.0000000},
{0.3520764,-90.6729868,-84.1914649,0.0000000,0.0000000,0.0000000,0.0000000},
{-0.3454299,-90.2960561,-83.7990254,0.0000000,0.0000000,0.0000000,0.0000000},
{-1.0399980,-89.9136212,-83.4263062,0.0000000,0.0000000,0.0000000,0.0000000},
{-1.7318661,-89.5261060,-83.0728651,0.0000000,0.0000000,0.0000000,0.0000000},
{-2.4212728,-89.1339342,-82.7382598,0.0000000,0.0000000,0.0000000,0.0000000},
{-3.1084563,-88.7375297,-82.4220480,0.0000000,0.0000000,0.0000000,0.0000000},
{-3.7936550,-88.3373163,-82.1237875,0.0000000,0.0000000,0.0000000,0.0000000},
{-4.4771072,-87.9337177,-81.8430359,0.0000000,0.0000000,0.0000000,0.0000000},
{-5.1590514,-87.5271578,-81.5793511,0.0000000,0.0000000,0.0000000,0.0000000},
{-5.8397257,-87.1180603,-81.3322907,0.0000000,0.0000000,0.0000000,0.0000000},
{-6.5193687,-86.7068491,-81.1014125,0.0000000,0.0000000,0.0000000,0.0000000},
{-7.1982187,-86.2939480,-80.8862742,0.0000000,0.0000000,0.0000000,0.0000000},
{-7.8765139,-85.8797808,-80.6864336,0.0000000,0.0000000,0.0000000,0.0000000},
{-8.5544928,-85.4647712,-80.5014483,0.0000000,0.0000000,0.0000000,0.0000000},
{-9.2323938,-85.0493431,-80.3308761,0.0000000,0.0000000,0.0000000,0.0000000},
{-9.9104551,-84.6339203,-80.1742747,0.0000000,0.0000000,0.0000000,0.0000000},
{-10.5889151,-84.2189266,-80.0312019,0.0000000,0.0000000,0.0000000,0.0000000},
{-11.2680123,-83.8047858,-79.9012153,0.0000000,0.0000000,0.0000000,0.0000000},
{-11.9479848,-83.3919217,-79.7838728,0.0000000,0.0000000,0.0000000,0.0000000},
{-12.6290712,-82.9807581,-79.6787320,0.0000000,0.0000000,0.0000000,0.0000000},
{-13.3115097,-82.5717188,-79.5853507,0.0000000,0.0000000,0.0000000,0.0000000},
{-13.9955386,-82.1652276,-79.5032866,0.0000000,0.0000000,0.0000000,0.0000000},
{-14.6813965,-81.7617083,-79.4320974,0.0000000,0.0000000,0.0000000,0.0000000},
{-15.3693215,-81.3615847,-79.3713409,0.0000000,0.0000000,0.0000000,0.0000000},
{-16.0595521,-80.9652807,-79.3205748,0.0000000,0.0000000,0.0000000,0.0000000},
{-16.7523266,-80.5732199,-79.2793568,0.0000000,0.0000000,0.0000000,0.0000000},
{-17.4478834,-80.1858263,-79.2472446,0.0000000,0.0000000,0.0000000,0.0000000},
{-18.1464608,-79.8035236,-79.2237960,0.0000000,0.0000000,0.0000000,0.0000000},
{-18.8482972,-79.4267356,-79.2085688,0.0000000,0.0000000,0.0000000,0.0000000},
{-19.5536309,-79.0558861,-79.2011205,0.0000000,0.0000000,0.0000000,0.0000000},
{-20.2627003,-78.6913990,-79.2010090,0.0000000,0.0000000,0.0000000,0.0000000},
{-20.9757437,-78.3336981,-79.2077921,0.0000000,0.0000000,0.0000000,0.0000000},
{-21.6929995,-77.9832070,-79.2210273,0.0000000,0.0000000,0.0000000,0.0000000},
{-22.4147060,-77.6403497,-79.2402725,0.0000000,0.0000000,0.0000000,0.0000000},
{-23.1411017,-77.3055500,-79.2650854,0.0000000,0.0000000,0.0000000,0.0000000},
{-23.8724248,-76.9792316,-79.2950237,0.0000000,0.0000000,0.0000000,0.0000000},
{-24.6089137,-76.6618183,-79.3296452,0.0000000,0.0000000,0.0000000,0.0000000},
{-25.3508067,-76.3537340,-79.3685075,0.0000000,0.0000000,0.0000000,0.0000000},
{-26.0983423,-76.0554025,-79.4111684,0.0000000,0.0000000,0.0000000,0.0000000},
{-26.8517587,-75.7672475,-79.4571857,0.0000000,0.0000000,0.0000000,0.0000000},
{-27.6112944,-75.4896929,-79.5061170,0.0000000,0.0000000,0.0000000,0.0000000},
{-28.3771876,-75.2231625,-79.5575201,0.0000000,0.0000000,0.0000000,0.0000000},
{-29.1496768,-74.9680800,-79.6109528,0.0000000,0.0000000,0.0000000,0.0000000}
};

Solver Summary (v 1.12.0-eigen-(3.2.92)-lapack-suitesparse-(4.4.6)-cxsparse-(3.1.4)-openmp)

                                     Original                  Reduced
Parameter blocks                            1                        1
Parameters                                 12                       12
Residual blocks                            89                       89
Residual                                  267                      267

Minimizer                        TRUST_REGION

Sparse linear algebra library    SUITE_SPARSE
Trust region strategy     LEVENBERG_MARQUARDT

                                        Given                     Used
Linear solver          SPARSE_NORMAL_CHOLESKY   SPARSE_NORMAL_CHOLESKY
Threads                                     1                        1
Linear solver threads                       1                        1
Linear solver ordering              AUTOMATIC                        1

Cost:
Initial                          3.539783e+00
Final                            3.593344e-02
Change                           3.503850e+00

Minimizer iterations                     1001
Successful steps                          998
Unsuccessful steps                          3
Line search steps                          69

Time (in seconds):
Preprocessor                           0.0001

  Residual evaluation                  2.7472
    Line search cost evaluation        0.0000
  Jacobian evaluation                555.3383
    Line search gradient evaluation    287.2548
  Linear solver                        0.1229
  Line search polynomial minimization  0.0007
Minimizer                            558.2566

Postprocessor                          0.0000
Total                                558.2567

Termination:                   NO_CONVERGENCE (Maximum number of iterations reached. Number of iterations: 1000.)

JinDegreeElb0 = {
{39.7361559,-94.7317088,-131.9955962,97.4739696,0.0000000,0.0000000,0.0000000},
{38.6458307,-95.0661004,-130.9097844,98.1719749,0.0000000,0.0000000,0.0000000},
{37.5694080,-95.3754929,-129.8596460,98.8570145,0.0000000,0.0000000,0.0000000},
{36.5066495,-95.6603101,-128.8445022,99.5291429,0.0000000,0.0000000,0.0000000},
{35.4573167,-95.9209759,-127.8636744,100.1884145,0.0000000,0.0000000,0.0000000},
{34.4211714,-96.1579139,-126.9164840,100.8348837,0.0000000,0.0000000,0.0000000},
{33.3979752,-96.3715481,-126.0022523,101.4686051,0.0000000,0.0000000,0.0000000},
{32.3874897,-96.5623021,-125.1203006,102.0896329,0.0000000,0.0000000,0.0000000},
{31.3894766,-96.7305999,-124.2699503,102.6980218,0.0000000,0.0000000,0.0000000},
{30.4036976,-96.8768652,-123.4505227,103.2938260,0.0000000,0.0000000,0.0000000},
{29.4299142,-97.0015218,-122.6613392,103.8771002,0.0000000,0.0000000,0.0000000},
{28.4678881,-97.1049936,-121.9017211,104.4478986,0.0000000,0.0000000,0.0000000},
{27.5173810,-97.1877043,-121.1709898,105.0062758,0.0000000,0.0000000,0.0000000},
{26.5781545,-97.2500777,-120.4684665,105.5522862,0.0000000,0.0000000,0.0000000},
{25.6499702,-97.2925377,-119.7934727,106.0859843,0.0000000,0.0000000,0.0000000},
{24.7325899,-97.3155080,-119.1453297,106.6074244,0.0000000,0.0000000,0.0000000},
{23.8257751,-97.3194125,-118.5233588,107.1166610,0.0000000,0.0000000,0.0000000},
{22.9292875,-97.3046748,-117.9268814,107.6137487,0.0000000,0.0000000,0.0000000},
{22.0428887,-97.2717190,-117.3552188,108.0987417,0.0000000,0.0000000,0.0000000},
{21.1663404,-97.2209687,-116.8076923,108.5716946,0.0000000,0.0000000,0.0000000},
{20.2994043,-97.1528478,-116.2836234,109.0326618,0.0000000,0.0000000,0.0000000},
{19.4418419,-97.0677800,-115.7823333,109.4816977,0.0000000,0.0000000,0.0000000},
{18.5934150,-96.9661892,-115.3031434,109.9188569,0.0000000,0.0000000,0.0000000},
{17.7538851,-96.8484991,-114.8453750,110.3441936,0.0000000,0.0000000,0.0000000},
{16.9230140,-96.7151336,-114.4083496,110.7577625,0.0000000,0.0000000,0.0000000},
{16.1005632,-96.5665165,-113.9913883,111.1596178,0.0000000,0.0000000,0.0000000},
{15.2862944,-96.4030716,-113.5938126,111.5498141,0.0000000,0.0000000,0.0000000},
{14.4799693,-96.2252226,-113.2149438,111.9284059,0.0000000,0.0000000,0.0000000},
{13.6813495,-96.0333935,-112.8541032,112.2954475,0.0000000,0.0000000,0.0000000},
{12.8901966,-95.8280079,-112.5106123,112.6509933,0.0000000,0.0000000,0.0000000},
{12.1062724,-95.6094897,-112.1837923,112.9950979,0.0000000,0.0000000,0.0000000},
{11.3293384,-95.3782627,-111.8729645,113.3278157,0.0000000,0.0000000,0.0000000},
{10.5591562,-95.1347507,-111.5774504,113.6492011,0.0000000,0.0000000,0.0000000},
{9.7954876,-94.8793775,-111.2965713,113.9593086,0.0000000,0.0000000,0.0000000},
{9.0380942,-94.6125669,-111.0296485,114.2581926,0.0000000,0.0000000,0.0000000},
{8.2867376,-94.3347427,-110.7760033,114.5459075,0.0000000,0.0000000,0.0000000},
{7.5411795,-94.0463287,-110.5349571,114.8225078,0.0000000,0.0000000,0.0000000},
{6.8011815,-93.7477487,-110.3058313,115.0880480,0.0000000,0.0000000,0.0000000},
{6.0665052,-93.4394265,-110.0879472,115.3425825,0.0000000,0.0000000,0.0000000},
{5.3369124,-93.1217859,-109.8806261,115.5861657,0.0000000,0.0000000,0.0000000},
{4.6121646,-92.7952508,-109.6831893,115.8188520,0.0000000,0.0000000,0.0000000},
{3.8920236,-92.4602449,-109.4949583,116.0406960,0.0000000,0.0000000,0.0000000},
{3.1762508,-92.1171920,-109.3152543,116.2517520,0.0000000,0.0000000,0.0000000},
{2.4646081,-91.7665159,-109.1433988,116.4520746,0.0000000,0.0000000,0.0000000},
{1.7568570,-91.4086405,-108.9787130,116.6417180,0.0000000,0.0000000,0.0000000},
{1.0527592,-91.0439895,-108.8205183,116.8207369,0.0000000,0.0000000,0.0000000},
{0.3520764,-90.6729868,-108.6681360,116.9891856,0.0000000,0.0000000,0.0000000},
{-0.3454299,-90.2960561,-108.5208875,117.1471186,0.0000000,0.0000000,0.0000000},
{-1.0399980,-89.9136212,-108.3780941,117.2945903,0.0000000,0.0000000,0.0000000},
{-1.7318661,-89.5261060,-108.2390772,117.4316551,0.0000000,0.0000000,0.0000000},
{-2.4212728,-89.1339342,-108.1031581,117.5583676,0.0000000,0.0000000,0.0000000},
{-3.1084563,-88.7375297,-107.9696581,117.6747821,0.0000000,0.0000000,0.0000000},
{-3.7936550,-88.3373163,-107.8378987,117.7809531,0.0000000,0.0000000,0.0000000},
{-4.4771072,-87.9337177,-107.7072010,117.8769350,0.0000000,0.0000000,0.0000000},
{-5.1590514,-87.5271578,-107.5768866,117.9627823,0.0000000,0.0000000,0.0000000},
{-5.8397257,-87.1180603,-107.4462767,118.0385495,0.0000000,0.0000000,0.0000000},
{-6.5193687,-86.7068491,-107.3146926,118.1042909,0.0000000,0.0000000,0.0000000},
{-7.1982187,-86.2939480,-107.1814558,118.1600610,0.0000000,0.0000000,0.0000000},
{-7.8765139,-85.8797808,-107.0458875,118.2059143,0.0000000,0.0000000,0.0000000},
{-8.5544928,-85.4647712,-106.9073092,118.2419051,0.0000000,0.0000000,0.0000000},
{-9.2323938,-85.0493431,-106.7650420,118.2680880,0.0000000,0.0000000,0.0000000},
{-9.9104551,-84.6339203,-106.6184075,118.2845174,0.0000000,0.0000000,0.0000000},
{-10.5889151,-84.2189266,-106.4667269,118.2912477,0.0000000,0.0000000,0.0000000},
{-11.2680123,-83.8047858,-106.3093216,118.2883334,0.0000000,0.0000000,0.0000000},
{-11.9479848,-83.3919217,-106.1455128,118.2758289,0.0000000,0.0000000,0.0000000},
{-12.6290712,-82.9807581,-105.9746221,118.2537887,0.0000000,0.0000000,0.0000000},
{-13.3115097,-82.5717188,-105.7959706,118.2222671,0.0000000,0.0000000,0.0000000},
{-13.9955386,-82.1652276,-105.6088798,118.1813187,0.0000000,0.0000000,0.0000000},
{-14.6813965,-81.7617083,-105.4126710,118.1309979,0.0000000,0.0000000,0.0000000},
{-15.3693215,-81.3615847,-105.2066655,118.0713592,0.0000000,0.0000000,0.0000000},
{-16.0595521,-80.9652807,-104.9901847,118.0024569,0.0000000,0.0000000,0.0000000},
{-16.7523266,-80.5732199,-104.7625500,117.9243455,0.0000000,0.0000000,0.0000000},
{-17.4478834,-80.1858263,-104.5230826,117.8370794,0.0000000,0.0000000,0.0000000},
{-18.1464608,-79.8035236,-104.2711039,117.7407132,0.0000000,0.0000000,0.0000000},
{-18.8482972,-79.4267356,-104.0059352,117.6353013,0.0000000,0.0000000,0.0000000},
{-19.5536309,-79.0558861,-103.7268980,117.5208980,0.0000000,0.0000000,0.0000000},
{-20.2627003,-78.6913990,-103.4333135,117.3975578,0.0000000,0.0000000,0.0000000},
{-20.9757437,-78.3336981,-103.1245030,117.2653353,0.0000000,0.0000000,0.0000000},
{-21.6929995,-77.9832070,-102.7997880,117.1242847,0.0000000,0.0000000,0.0000000},
{-22.4147060,-77.6403497,-102.4584898,116.9744607,0.0000000,0.0000000,0.0000000},
{-23.1411017,-77.3055500,-102.0999297,116.8159175,0.0000000,0.0000000,0.0000000},
{-23.8724248,-76.9792316,-101.7234291,116.6487097,0.0000000,0.0000000,0.0000000},
{-24.6089137,-76.6618183,-101.3283092,116.4728917,0.0000000,0.0000000,0.0000000},
{-25.3508067,-76.3537340,-100.9138915,116.2885179,0.0000000,0.0000000,0.0000000},
{-26.0983423,-76.0554025,-100.4794973,116.0956428,0.0000000,0.0000000,0.0000000},
{-26.8517587,-75.7672475,-100.0244479,115.8943209,0.0000000,0.0000000,0.0000000},
{-27.6112944,-75.4896929,-99.5480647,115.6846065,0.0000000,0.0000000,0.0000000},
{-28.3771876,-75.2231625,-99.0496690,115.4665541,0.0000000,0.0000000,0.0000000},
{-29.1496768,-74.9680800,-98.5285821,115.2402182,0.0000000,0.0000000,0.0000000}
};

Solver Summary (v 1.12.0-eigen-(3.2.92)-lapack-suitesparse-(4.4.6)-cxsparse-(3.1.4)-openmp)

                                     Original                  Reduced
Parameter blocks                            1                        1
Parameters                                 12                       12
Residual blocks                            89                       89
Residual                                  267                      267

Minimizer                        TRUST_REGION

Sparse linear algebra library    SUITE_SPARSE
Trust region strategy     LEVENBERG_MARQUARDT

                                        Given                     Used
Linear solver          SPARSE_NORMAL_CHOLESKY   SPARSE_NORMAL_CHOLESKY
Threads                                     1                        1
Linear solver threads                       1                        1
Linear solver ordering              AUTOMATIC                        1

Cost:
Initial                          5.794165e-01
Final                            1.749059e-01
Change                           4.045107e-01

Minimizer iterations                     1001
Successful steps                          998
Unsuccessful steps                          3
Line search steps                          74

Time (in seconds):
Preprocessor                           0.0001

  Residual evaluation                  3.3104
    Line search cost evaluation        0.0000
  Jacobian evaluation                634.6027
    Line search gradient evaluation    329.2215
  Linear solver                        0.1125
  Line search polynomial minimization  0.0011
Minimizer                            638.0936

Postprocessor                          0.0096
Total                                638.1032

Termination:                   NO_CONVERGENCE (Maximum number of iterations reached. Number of iterations: 1000.)

elErrMEAN = 0.0842020
elErrMEANV2 = 0.0595642
elErrMEANV3 = 0.0454729
laErrMEAN = 0.0265637
wErrMEAN = 0.0725489
thErrMEAN = 0.0609432
 *) 
elErr0 = {
{0.0649794},
{0.0673407},
{0.0701894},
{0.0732433},
{0.0766931},
{0.0809831},
{0.0848583},
{0.0885618},
{0.0905214},
{0.0923430},
{0.0940497},
{0.0953387},
{0.0963733},
{0.0969397},
{0.0956760},
{0.0941710},
{0.0925434},
{0.0914635},
{0.0905013},
{0.0891749},
{0.0886329},
{0.0872969},
{0.0862738},
{0.0848370},
{0.0842099},
{0.0839853},
{0.0882373},
{0.0918638},
{0.0947564},
{0.0967730},
{0.0975823},
{0.0974391},
{0.0987199},
{0.0994348},
{0.1007166},
{0.1011135},
{0.1010182},
{0.1018559},
{0.1020154},
{0.1037452},
{0.1025770},
{0.0977278},
{0.0965793},
{0.0951825},
{0.0924355},
{0.0907427},
{0.0890816},
{0.0873396},
{0.0856815},
{0.0842620},
{0.0831876},
{0.0825049},
{0.0825371},
{0.0811046},
{0.0803889},
{0.0791902},
{0.0784240},
{0.0776067},
{0.0793758},
{0.0766189},
{0.0748183},
{0.0721298},
{0.0707472},
{0.0709536},
{0.0691219},
{0.0689487},
{0.0684349},
{0.0681269},
{0.0668991},
{0.0708745},
{0.0620327},
{0.0622516},
{0.0642135},
{0.0654753},
{0.0668830},
{0.0681301},
{0.0697871},
{0.0706560},
{0.0722287},
{0.0738667},
{0.0757447},
{0.0777314},
{0.0808117},
{0.0834085},
{0.0853838},
{0.0881256},
{0.0918531},
{0.0957454},
{0.0995918}
};
elErrV30 = {
{0.0258984},
{0.0246840},
{0.0259044},
{0.0285016},
{0.0322117},
{0.0369574},
{0.0413723},
{0.0455866},
{0.0474280},
{0.0496140},
{0.0514754},
{0.0527813},
{0.0538532},
{0.0544893},
{0.0533170},
{0.0516654},
{0.0501882},
{0.0491987},
{0.0487360},
{0.0479594},
{0.0481401},
{0.0476207},
{0.0479032},
{0.0482141},
{0.0498648},
{0.0522463},
{0.0580471},
{0.0601081},
{0.0615191},
{0.0627607},
{0.0622952},
{0.0613304},
{0.0615942},
{0.0618737},
{0.0622951},
{0.0621687},
{0.0619284},
{0.0624361},
{0.0623184},
{0.0635823},
{0.0624040},
{0.0577066},
{0.0563697},
{0.0548000},
{0.0524054},
{0.0504810},
{0.0491398},
{0.0471973},
{0.0459156},
{0.0445502},
{0.0437220},
{0.0431033},
{0.0435810},
{0.0424203},
{0.0420767},
{0.0413730},
{0.0409846},
{0.0405064},
{0.0426433},
{0.0405456},
{0.0401572},
{0.0380138},
{0.0378157},
{0.0383856},
{0.0367654},
{0.0365948},
{0.0365053},
{0.0361128},
{0.0344557},
{0.0371992},
{0.0306603},
{0.0295628},
{0.0307847},
{0.0307598},
{0.0314048},
{0.0315840},
{0.0325586},
{0.0322699},
{0.0332961},
{0.0335633},
{0.0344022},
{0.0355269},
{0.0379838},
{0.0399176},
{0.0415093},
{0.0438450},
{0.0473821},
{0.0511455},
{0.0549338}
};
laErr0 = {
{0.0227392},
{0.0201611},
{0.0201535},
{0.0212751},
{0.0235376},
{0.0272020},
{0.0306325},
{0.0341673},
{0.0358158},
{0.0374231},
{0.0388429},
{0.0399259},
{0.0407117},
{0.0410399},
{0.0395161},
{0.0380971},
{0.0363299},
{0.0352230},
{0.0336490},
{0.0317208},
{0.0303395},
{0.0280156},
{0.0256998},
{0.0232353},
{0.0215140},
{0.0205283},
{0.0241640},
{0.0268809},
{0.0290865},
{0.0308609},
{0.0317601},
{0.0318353},
{0.0336601},
{0.0346005},
{0.0365482},
{0.0373433},
{0.0372620},
{0.0383268},
{0.0387556},
{0.0410039},
{0.0400213},
{0.0359713},
{0.0355729},
{0.0350492},
{0.0324637},
{0.0320730},
{0.0303270},
{0.0298292},
{0.0279135},
{0.0268573},
{0.0254517},
{0.0247273},
{0.0234712},
{0.0218812},
{0.0205562},
{0.0188300},
{0.0176689},
{0.0166714},
{0.0184279},
{0.0159120},
{0.0141273},
{0.0118475},
{0.0113358},
{0.0124185},
{0.0114039},
{0.0120430},
{0.0125951},
{0.0130388},
{0.0121035},
{0.0151813},
{0.0086301},
{0.0082094},
{0.0100110},
{0.0106516},
{0.0119873},
{0.0130981},
{0.0148978},
{0.0157675},
{0.0175354},
{0.0193476},
{0.0214221},
{0.0237685},
{0.0271554},
{0.0303069},
{0.0327788},
{0.0364012},
{0.0407751},
{0.0455490},
{0.0505242}
};
wErr0 = {
{0.0802254},
{0.0791690},
{0.0790355},
{0.0791657},
{0.0789811},
{0.0789884},
{0.0788084},
{0.0782096},
{0.0797966},
{0.0797449},
{0.0802093},
{0.0808400},
{0.0813282},
{0.0815624},
{0.0816235},
{0.0819198},
{0.0811391},
{0.0801477},
{0.0786992},
{0.0779599},
{0.0772939},
{0.0777528},
{0.0774295},
{0.0774333},
{0.0766601},
{0.0760577},
{0.0732603},
{0.0711669},
{0.0713126},
{0.0707331},
{0.0720441},
{0.0732886},
{0.0743535},
{0.0750053},
{0.0768981},
{0.0789895},
{0.0802456},
{0.0821225},
{0.0845462},
{0.0869232},
{0.0879521},
{0.0871547},
{0.0881828},
{0.0891458},
{0.0889913},
{0.0897220},
{0.0888883},
{0.0887440},
{0.0870531},
{0.0858614},
{0.0836581},
{0.0818796},
{0.0790518},
{0.0768593},
{0.0746631},
{0.0723125},
{0.0697861},
{0.0672420},
{0.0613887},
{0.0600902},
{0.0579006},
{0.0574266},
{0.0555187},
{0.0538422},
{0.0536233},
{0.0527402},
{0.0521446},
{0.0520661},
{0.0528146},
{0.0523414},
{0.0560680},
{0.0564513},
{0.0561721},
{0.0567862},
{0.0572403},
{0.0579862},
{0.0583422},
{0.0592656},
{0.0594002},
{0.0601272},
{0.0609249},
{0.0615338},
{0.0621101},
{0.0633611},
{0.0645930},
{0.0671545},
{0.0694706},
{0.0728624},
{0.0768843}
};
thErr0 = {
{0.0696350},
{0.0684184},
{0.0679624},
{0.0679140},
{0.0676786},
{0.0681091},
{0.0681507},
{0.0679039},
{0.0701071},
{0.0700927},
{0.0708463},
{0.0718513},
{0.0727219},
{0.0732067},
{0.0732359},
{0.0737185},
{0.0728335},
{0.0718507},
{0.0700979},
{0.0688567},
{0.0677882},
{0.0676895},
{0.0666647},
{0.0656744},
{0.0639804},
{0.0623999},
{0.0591293},
{0.0578366},
{0.0588056},
{0.0589747},
{0.0612685},
{0.0630341},
{0.0651172},
{0.0662643},
{0.0689607},
{0.0714575},
{0.0726981},
{0.0748142},
{0.0772143},
{0.0802331},
{0.0811197},
{0.0793289},
{0.0804426},
{0.0814480},
{0.0809105},
{0.0815746},
{0.0802517},
{0.0799399},
{0.0776972},
{0.0761349},
{0.0735619},
{0.0715015},
{0.0682033},
{0.0654656},
{0.0626434},
{0.0594571},
{0.0564638},
{0.0533926},
{0.0479040},
{0.0457078},
{0.0422604},
{0.0408723},
{0.0381227},
{0.0363986},
{0.0354978},
{0.0344884},
{0.0332626},
{0.0328735},
{0.0332615},
{0.0346137},
{0.0352402},
{0.0363510},
{0.0369084},
{0.0384145},
{0.0393985},
{0.0406025},
{0.0413453},
{0.0426549},
{0.0430655},
{0.0448037},
{0.0466585},
{0.0484971},
{0.0504966},
{0.0533679},
{0.0559879},
{0.0602795},
{0.0644270},
{0.0697587},
{0.0756935}
};
inPtsRW0 = {
{0.5634000,0.3512000,0.2962000},
{0.5623000,0.3512000,0.2958000},
{0.5614000,0.3514000,0.2954000},
{0.5603000,0.3517000,0.2950000},
{0.5592000,0.3522000,0.2947000},
{0.5580000,0.3530000,0.2943000},
{0.5568000,0.3541000,0.2940000},
{0.5555000,0.3553000,0.2939000},
{0.5540000,0.3568000,0.2939000},
{0.5525000,0.3584000,0.2940000},
{0.5510000,0.3602000,0.2942000},
{0.5496000,0.3623000,0.2945000},
{0.5482000,0.3645000,0.2949000},
{0.5467000,0.3670000,0.2953000},
{0.5451000,0.3699000,0.2958000},
{0.5436000,0.3731000,0.2963000},
{0.5419000,0.3767000,0.2968000},
{0.5402000,0.3804000,0.2971000},
{0.5385000,0.3842000,0.2974000},
{0.5368000,0.3881000,0.2975000},
{0.5352000,0.3920000,0.2976000},
{0.5336000,0.3960000,0.2975000},
{0.5321000,0.4000000,0.2974000},
{0.5305000,0.4042000,0.2969000},
{0.5289000,0.4085000,0.2964000},
{0.5273000,0.4131000,0.2957000},
{0.5257000,0.4179000,0.2948000},
{0.5239000,0.4229000,0.2937000},
{0.5221000,0.4280000,0.2924000},
{0.5203000,0.4332000,0.2912000},
{0.5188000,0.4386000,0.2896000},
{0.5172000,0.4441000,0.2878000},
{0.5159000,0.4498000,0.2859000},
{0.5148000,0.4556000,0.2838000},
{0.5138000,0.4613000,0.2816000},
{0.5131000,0.4671000,0.2791000},
{0.5122000,0.4728000,0.2766000},
{0.5117000,0.4785000,0.2739000},
{0.5112000,0.4843000,0.2710000},
{0.5110000,0.4901000,0.2682000},
{0.5109000,0.4960000,0.2654000},
{0.5109000,0.5019000,0.2625000},
{0.5110000,0.5080000,0.2597000},
{0.5110000,0.5142000,0.2568000},
{0.5110000,0.5205000,0.2539000},
{0.5109000,0.5269000,0.2509000},
{0.5107000,0.5335000,0.2479000},
{0.5105000,0.5403000,0.2449000},
{0.5102000,0.5473000,0.2418000},
{0.5099000,0.5543000,0.2388000},
{0.5095000,0.5615000,0.2359000},
{0.5091000,0.5687000,0.2330000},
{0.5085000,0.5759000,0.2302000},
{0.5079000,0.5830000,0.2276000},
{0.5076000,0.5907000,0.2249000},
{0.5072000,0.5982000,0.2223000},
{0.5067000,0.6059000,0.2200000},
{0.5064000,0.6137000,0.2177000},
{0.5063000,0.6215000,0.2156000},
{0.5066000,0.6289000,0.2136000},
{0.5068000,0.6366000,0.2116000},
{0.5074000,0.6440000,0.2096000},
{0.5080000,0.6513000,0.2077000},
{0.5088000,0.6584000,0.2057000},
{0.5096000,0.6655000,0.2036000},
{0.5104000,0.6725000,0.2015000},
{0.5113000,0.6795000,0.1991000},
{0.5124000,0.6863000,0.1967000},
{0.5135000,0.6930000,0.1943000},
{0.5148000,0.6994000,0.1919000},
{0.5162000,0.7056000,0.1896000},
{0.5177000,0.7115000,0.1872000},
{0.5193000,0.7172000,0.1847000},
{0.5208000,0.7229000,0.1822000},
{0.5224000,0.7286000,0.1796000},
{0.5241000,0.7343000,0.1769000},
{0.5258000,0.7399000,0.1743000},
{0.5276000,0.7453000,0.1717000},
{0.5294000,0.7506000,0.1693000},
{0.5315000,0.7555000,0.1671000},
{0.5336000,0.7601000,0.1650000},
