(* /home/sara/Dropbox/Reaching Study/Gilwoo_Automated_v2/csv_only_manual_inspection/2016_12_14_study_4_Part10_1/2016_12_14_study_4_Part10_1_428_680_clean_phase1.csv
shoToElMeanLH: 0.323254
shoToElMeanLWam: 0.55
elToWrMeanLH: 0.22763
elToWrMeanLWam: 0.303356
WrToThMeanLH: 0.0745066
wrToThMeanLWam: 0.06
shoToElMeanLH / elToWrMeanLH: 1.42008
shoToElMeanLWam / elToWrMeanLWam: 1.81305
shoToElMeanLH / elToThMeanLH: 1.06989
shoToElMeanLWam / elToThMeanLWam: 1.51367
cameraToBaseR10P10 = {
{-0.3076591,0.2189914,-0.9259528},
{-0.6953547,-0.7160132,0.0617002},
{-0.6494826,0.6628483,0.3725647}
};
cameraToBaseR10P11 = {
{-0.3081575,0.2195176,-0.9256624},
{-0.6946015,-0.7167822,0.0612538},
{-0.6500521,0.6618423,0.3733591}
};
cameraToBaseR10P12 = {
{-0.3089061,0.2190317,-0.9255280},
{-0.6937406,-0.7175750,0.0617259},
{-0.6506159,0.6611438,0.3736145}
};
cameraToBaseR10P13 = {
{-0.3086580,0.2174907,-0.9259741},
{-0.6928755,-0.7183669,0.0622301},
{-0.6516547,0.6607926,0.3724237}
};
cameraToBaseR10P14 = {
{-0.3088961,0.2166439,-0.9260932},
{-0.6912820,-0.7199060,0.0621655},
{-0.6532323,0.6593942,0.3721382}
};
cameraToBaseR10P15 = {
{-0.3096049,0.2167235,-0.9258378},
{-0.6909062,-0.7202425,0.0624456},
{-0.6532943,0.6590006,0.3727262}
};
cameraToBaseR10P16 = {
{-0.3096448,0.2161559,-0.9259572},
{-0.6897401,-0.7213758,0.0622543},
{-0.6545065,0.6579465,0.3724617}
};
cameraToBaseR10P17 = {
{-0.3103541,0.2162352,-0.9257012},
{-0.6885201,-0.7225576,0.0620532},
{-0.6554543,0.6566223,0.3731310}
};
cameraToBaseR10P18 = {
{-0.3125720,0.2125490,-0.9258086},
{-0.6911531,-0.7194865,0.0681664},
{-0.6516181,0.6611824,0.3717953}
};
cameraToBaseR10P19 = {
{-0.3120976,0.2090578,-0.9267631},
{-0.6913235,-0.7190879,0.0706000},
{-0.6516647,0.6627272,0.3689522}
};
cameraToBaseR10P110 = {
{-0.3123673,0.2050655,-0.9275639},
{-0.6929293,-0.7171137,0.0748123},
{-0.6498274,0.6661052,0.3660988}
};
cameraToBaseR10P111 = {
{-0.3130164,0.2007128,-0.9282969},
{-0.6948442,-0.7147234,0.0797627},
{-0.6474661,0.6699887,0.3631843}
};
cameraToBaseR10P112 = {
{-0.3128108,0.1955815,-0.9294607},
{-0.6974802,-0.7115437,0.0850112},
{-0.6447253,0.6748729,0.3589928}
};
cameraToBaseR10P113 = {
{-0.3118981,0.1901379,-0.9308959},
{-0.7004824,-0.7079599,0.0900951},
{-0.6419065,0.6801767,0.3539996}
};
cameraToBaseR10P114 = {
{-0.3116693,0.1819572,-0.9326059},
{-0.7032321,-0.7042271,0.0976154},
{-0.6390045,0.6862622,0.3474442}
};
cameraToBaseR10P115 = {
{-0.3126301,0.1746874,-0.9336738},
{-0.7066194,-0.6996545,0.1057004},
{-0.6347845,0.6927972,0.3421705}
};
cameraToBaseR10P116 = {
{-0.3117675,0.1673635,-0.9353024},
{-0.7097928,-0.6954242,0.1121580},
{-0.6316607,0.6988381,0.3356041}
};
cameraToBaseR10P117 = {
{-0.3107907,0.1617566,-0.9366130},
{-0.7127234,-0.6916093,0.1170552},
{-0.6288359,0.7039257,0.3302335}
};
cameraToBaseR10P118 = {
{-0.3075106,0.1543630,-0.9389405},
{-0.7158532,-0.6876158,0.1214028},
{-0.6268902,0.7094762,0.3219504}
};
cameraToBaseR10P119 = {
{-0.3044171,0.1458030,-0.9413138},
{-0.7194708,-0.6828294,0.1269084},
{-0.6242532,0.7158809,0.3127660}
};
cameraToBaseR10P120 = {
{-0.2998371,0.1364565,-0.9441808},
{-0.7234477,-0.6776817,0.1317993},
{-0.6218691,0.7225837,0.3019132}
};
cameraToBaseR10P121 = {
{-0.2958015,0.1248393,-0.9470568},
{-0.7285244,-0.6707423,0.1391296},
{-0.6178622,0.7311087,0.2893551}
};
cameraToBaseR10P122 = {
{-0.2907914,0.1123652,-0.9501655},
{-0.7327203,-0.6647653,0.1456296},
{-0.6152733,0.7385534,0.2756403}
};
cameraToBaseR10P123 = {
{-0.2857392,0.0979323,-0.9532903},
{-0.7369542,-0.6583380,0.1532630},
{-0.6125779,0.7463245,0.2602846}
};
cameraToBaseR10P124 = {
{-0.2794910,0.0838473,-0.9564802},
{-0.7413866,-0.6518488,0.1594963},
{-0.6101072,0.7536994,0.2443491}
};
cameraToBaseR10P125 = {
{-0.2729110,0.0691624,-0.9595500},
{-0.7463743,-0.6445370,0.1658236},
{-0.6069967,0.7614385,0.2275222}
};
cameraToBaseR10P126 = {
{-0.2617735,0.0613727,-0.9631760},
{-0.7523323,-0.6380924,0.1638114},
{-0.6045417,0.7675099,0.2132083}
};
cameraToBaseR10P127 = {
{-0.2573974,0.0668483,-0.9639906},
{-0.7587929,-0.6316762,0.1588032},
{-0.5983142,0.7723448,0.2133158}
};
cameraToBaseR10P128 = {
{-0.2557566,0.0694107,-0.9642462},
{-0.7651441,-0.6241676,0.1580164},
{-0.5908832,0.7782011,0.2127442}
};
cameraToBaseR10P129 = {
{-0.2530889,0.0706149,-0.9648624},
{-0.7711318,-0.6169845,0.1571173},
{-0.5842104,0.7838007,0.2106054}
};
cameraToBaseR10P130 = {
{-0.2532076,0.0725237,-0.9646897},
{-0.7776029,-0.6084873,0.1583569},
{-0.5755168,0.7902427,0.2104682}
};
cameraToBaseR10P131 = {
{-0.2536281,0.0730899,-0.9645365},
{-0.7841138,-0.5994341,0.1607619},
{-0.5664260,0.7970801,0.2093441}
};
cameraToBaseR10P132 = {
{-0.2531370,0.0762536,-0.9644206},
{-0.7902124,-0.5914013,0.1606514},
{-0.5581093,0.8027639,0.2099621}
};
cameraToBaseR10P133 = {
{-0.2519544,0.0768992,-0.9646790},
{-0.7958288,-0.5836345,0.1613298},
{-0.5506138,0.8083670,0.2082479}
};
cameraToBaseR10P134 = {
{-0.2520571,0.0794324,-0.9644468},
{-0.8016562,-0.5753811,0.1621233},
{-0.5420466,0.8140191,0.2087064}
};
cameraToBaseR10P135 = {
{-0.2526046,0.0812837,-0.9641493},
{-0.8078565,-0.5661231,0.1639287},
{-0.5325025,0.8203034,0.2086708}
};
cameraToBaseR10P136 = {
{-0.2528978,0.0805526,-0.9641338},
{-0.8132740,-0.5574765,0.1667497},
{-0.5240498,0.8262755,0.2064959}
};
cameraToBaseR10P137 = {
{-0.2528722,0.0817932,-0.9640361},
{-0.8185912,-0.5492205,0.1681228},
{-0.5157171,0.8316650,0.2058378}
};
cameraToBaseR10P138 = {
{-0.2530373,0.0812219,-0.9640410},
{-0.8246163,-0.5392246,0.1710113},
{-0.5059448,0.8382362,0.2034208}
};
cameraToBaseR10P139 = {
{-0.2518021,0.0843506,-0.9640958},
{-0.8310046,-0.5294201,0.1707214},
{-0.4960112,0.8441560,0.2034048}
};
cameraToBaseR10P140 = {
{-0.2537357,0.0831203,-0.9636956},
{-0.8347964,-0.5220839,0.1747666},
{-0.4886033,0.8488341,0.2018598}
};
cameraToBaseR10P141 = {
{-0.2624822,0.0801855,-0.9615994},
{-0.8317853,-0.5239401,0.1833575},
{-0.4891178,0.8479724,0.2042220}
};
cameraToBaseR10P142 = {
{-0.2643765,0.0808165,-0.9610274},
{-0.8355843,-0.5167688,0.1864103},
{-0.4815640,0.8523020,0.2041506}
};
cameraToBaseR10P143 = {
{-0.2665907,0.0815454,-0.9603540},
{-0.8392583,-0.5095653,0.1897069},
{-0.4738933,0.8565592,0.2042830}
};
cameraToBaseR10P144 = {
{-0.2687151,0.0791077,-0.9599657},
{-0.8427952,-0.5018387,0.1945616},
{-0.4663566,0.8613361,0.2015232}
};
cameraToBaseR10P145 = {
{-0.2714919,0.0810705,-0.9590202},
{-0.8460343,-0.4951366,0.1976502},
{-0.4588224,0.8650244,0.2030140}
};
cameraToBaseR10P146 = {
{-0.2722791,0.0792313,-0.9589507},
{-0.8489154,-0.4889658,0.2006365},
{-0.4529974,0.8686972,0.2003959}
};
cameraToBaseR10P147 = {
{-0.2735803,0.0805018,-0.9584745},
{-0.8520674,-0.4826013,0.2026748},
{-0.4462453,0.8721327,0.2006232}
};
cameraToBaseR10P148 = {
{-0.2739381,0.0793476,-0.9584685},
{-0.8546209,-0.4771781,0.2047540},
{-0.4411135,0.8752171,0.1985294}
};
cameraToBaseR10P149 = {
{-0.2742554,0.0800700,-0.9583177},
{-0.8574731,-0.4714907,0.2060010},
{-0.4353433,0.8782285,0.1979667}
};
cameraToBaseR10P150 = {
{-0.2734193,0.0801946,-0.9585462},
{-0.8602965,-0.4661448,0.2063953},
{-0.4302695,0.8810663,0.1964441}
};
cameraToBaseR10P151 = {
{-0.2728210,0.0808359,-0.9586627},
{-0.8632068,-0.4605417,0.2068221},
{-0.4247856,0.8839496,0.1954235}
};
cameraToBaseR10P152 = {
{-0.2705079,0.0796355,-0.9594184},
{-0.8661167,-0.4552301,0.2064156},
{-0.4203181,0.8868054,0.1921170}
};
cameraToBaseR10P153 = {
{-0.2711072,0.0789939,-0.9593023},
{-0.8680729,-0.4506617,0.2082151},
{-0.4158731,0.8891929,0.1907501}
};
cameraToBaseR10P154 = {
{-0.2703843,0.0777039,-0.9596116},
{-0.8707920,-0.4448592,0.2093360},
{-0.4106258,0.8922233,0.1879469}
};
cameraToBaseR10P155 = {
{-0.2707520,0.0759118,-0.9596514},
{-0.8728826,-0.4397142,0.2114885},
{-0.4059179,0.8949239,0.1853156}
};
cameraToBaseR10P156 = {
{-0.2700274,0.0746211,-0.9599567},
{-0.8756473,-0.4336376,0.2126035},
{-0.4004086,0.8979923,0.1824358}
};
cameraToBaseR10P157 = {
{-0.2692900,0.0739599,-0.9602150},
{-0.8781827,-0.4281296,0.2133079},
{-0.3953202,0.9006858,0.1802414}
};
cameraToBaseR10P158 = {
{-0.2628104,0.0747268,-0.9619494},
{-0.8780166,-0.4318734,0.2063304},
{-0.4000219,0.8988333,0.1791122}
};
cameraToBaseR10P159 = {
{-0.2655265,0.0728772,-0.9613452},
{-0.8808002,-0.4237991,0.2111525},
{-0.3920290,0.9028196,0.1767201}
};
cameraToBaseR10P160 = {
{-0.2669385,0.0691123,-0.9612322},
{-0.8835348,-0.4158639,0.2154611},
{-0.3848507,0.9067970,0.1720732}
};
cameraToBaseR10P161 = {
{-0.2708886,0.0689880,-0.9601354},
{-0.8857428,-0.4084313,0.2205530},
{-0.3769338,0.9101783,0.1717450}
};
cameraToBaseR10P162 = {
{-0.2720173,0.0665777,-0.9599865},
{-0.8876753,-0.4025304,0.2236110},
{-0.3715363,0.9129823,0.1685946}
};
cameraToBaseR10P163 = {
{-0.2715214,0.0664563,-0.9601352},
{-0.8901293,-0.3967047,0.2242660},
{-0.3659862,0.9155375,0.1668685}
};
cameraToBaseR10P164 = {
{-0.2747823,0.0664796,-0.9592055},
{-0.8914593,-0.3914120,0.2282476},
{-0.3602707,0.9178110,0.1668169}
};
cameraToBaseR10P165 = {
{-0.2753558,0.0670982,-0.9589979},
{-0.8934803,-0.3860133,0.2295357},
{-0.3547845,0.9200498,0.1662419}
};
cameraToBaseR10P166 = {
{-0.2762993,0.0659063,-0.9588092},
{-0.8951320,-0.3808147,0.2317732},
{-0.3498533,0.9222996,0.1642136}
};
cameraToBaseR10P167 = {
{-0.2773010,0.0658431,-0.9585243},
{-0.8966684,-0.3760711,0.2335729},
{-0.3450941,0.9242485,0.1633243}
};
cameraToBaseR10P168 = {
{-0.2807057,0.0671666,-0.9574408},
{-0.8978461,-0.3709496,0.2372106},
{-0.3392297,0.9262208,0.1644329}
};
cameraToBaseR10P169 = {
{-0.2759780,0.0697875,-0.9586271},
{-0.9032023,-0.3599366,0.2338187},
{-0.3287273,0.9303630,0.1623669}
};
cameraToBaseR10P170 = {
{-0.2930719,0.0645644,-0.9539079},
{-0.8996212,-0.3564298,0.2522686},
{-0.3237136,0.9320887,0.1625431}
};
cameraToBaseR10P171 = {
{-0.2943695,0.0664705,-0.9533773},
{-0.9004748,-0.3534660,0.2533910},
{-0.3201434,0.9330828,0.1639046}
};
cameraToBaseR10P172 = {
{-0.2932247,0.0658647,-0.9537720},
{-0.9021707,-0.3492210,0.2532444},
{-0.3163973,0.9347227,0.1618215}
};
cameraToBaseR10P173 = {
{-0.2937787,0.0671132,-0.9535145},
{-0.9038559,-0.3440876,0.2542602},
{-0.3110283,0.9365359,0.1617463}
};
cameraToBaseR10P174 = {
{-0.2937911,0.0664829,-0.9535548},
{-0.9053283,-0.3394402,0.2552664},
{-0.3067040,0.9382752,0.1599134}
};
cameraToBaseR10P175 = {
{-0.2943570,0.0671007,-0.9533370},
{-0.9065456,-0.3353860,0.2563033},
{-0.3025377,0.9396881,0.1595531}
};
cameraToBaseR10P176 = {
{-0.2939809,0.0658923,-0.9535373},
{-0.9082336,-0.3300881,0.2572035},
{-0.2978036,0.9416475,0.1568852}
};
cameraToBaseR10P177 = {
{-0.2949034,0.0665911,-0.9532039},
{-0.9093212,-0.3260157,0.2585514},
{-0.2935422,0.9430161,0.1566958}
};
cameraToBaseR10P178 = {
{-0.2941950,0.0640381,-0.9535976},
{-0.9104294,-0.3223642,0.2592290},
{-0.2908052,0.9444472,0.1531401}
};
cameraToBaseR10P179 = {
{-0.2941709,0.0653009,-0.9535194},
{-0.9115177,-0.3191716,0.2593548},
{-0.2874002,0.9454445,0.1534139}
};
cameraToBaseR10P180 = {
{-0.2943488,0.0653404,-0.9534618},
{-0.9127612,-0.3148982,0.2602040},
{-0.2832416,0.9468737,0.1523301}
};
cameraToBaseR10P181 = {
{-0.2945391,0.0647478,-0.9534435},
{-0.9136341,-0.3116255,0.2610789},
{-0.2802130,0.9479964,0.1509417}
};
cameraToBaseR10P182 = {
{-0.2930360,0.0640620,-0.9539528},
{-0.9152141,-0.3074547,0.2604894},
{-0.2766098,0.9494039,0.1487257}
};
cameraToBaseR10P183 = {
{-0.2930360,0.0640620,-0.9539528},
{-0.9162648,-0.3038234,0.2610560},
{-0.2731094,0.9505722,0.1477289}
};
cameraToBaseR10P184 = {
{-0.2942303,0.0621435,-0.9537121},
{-0.9169246,-0.2998320,0.2633441},
{-0.2695883,0.9519658,0.1452005}
};
cameraToBaseR10P185 = {
{-0.2957455,0.0621954,-0.9532399},
{-0.9178930,-0.2948928,0.2655384},
{-0.2645883,0.9535041,0.1443020}
};
cameraToBaseR10P186 = {
{-0.2955898,0.0608940,-0.9533722},
{-0.9191167,-0.2902397,0.2664307},
{-0.2604824,0.9550146,0.1417606}
};
cameraToBaseR10P187 = {
{-0.2961799,0.0602507,-0.9532299},
{-0.9203398,-0.2849149,0.2679519},
{-0.2554451,0.9566574,0.1398372}
};
cameraToBaseR10P188 = {
{-0.2981167,0.0589891,-0.9527049},
{-0.9207039,-0.2811183,0.2706970},
{-0.2518546,0.9578585,0.1381175}
};
cameraToBaseR10P189 = {
{-0.2982970,0.0590247,-0.9526463},
{-0.9218714,-0.2764477,0.2715323},
{-0.2473298,0.9592147,0.1368767}
};
cameraToBaseR10P190 = {
{-0.3009705,0.0590512,-0.9518034},
{-0.9222897,-0.2718100,0.2747745},
{-0.2424840,0.9605375,0.1362691}
};
cameraToBaseR10P191 = {
{-0.3011638,0.0584537,-0.9517791},
{-0.9233168,-0.2673069,0.2757409},
{-0.2382991,0.9618369,0.1344745}
};
cameraToBaseR10P192 = {
{-0.3028955,0.0584201,-0.9512315},
{-0.9240881,-0.2620884,0.2781561},
{-0.2330568,0.9632740,0.1333707}
};
cameraToBaseR10P193 = {
{-0.3034943,0.0571433,-0.9511182},
{-0.9247638,-0.2581670,0.2795741},
{-0.2295716,0.9644089,0.1311963}
};
cameraToBaseR10P194 = {
{-0.3040706,0.0571323,-0.9509348},
{-0.9255144,-0.2542630,0.2806660},
{-0.2257525,0.9654461,0.1301906}
};
cameraToBaseR10P195 = {
{-0.3042652,0.0565336,-0.9509083},
{-0.9263795,-0.2501040,0.2815475},
{-0.2219090,0.9665671,0.1284695}
};
cameraToBaseR10P196 = {
{-0.3048175,0.0566362,-0.9507253},
{-0.9270123,-0.2466360,0.2825223},
{-0.2184821,0.9674518,0.1276815}
};
cameraToBaseR10P197 = {
{-0.3058295,0.0540447,-0.9505511},
{-0.9272563,-0.2434314,0.2844941},
{-0.2160186,0.9684112,0.1245618}
};
cameraToBaseR10P198 = {
{-0.3056448,0.0540121,-0.9506124},
{-0.9279833,-0.2403893,0.2847105},
{-0.2131393,0.9691727,0.1235960}
};

Solver Summary (v 1.12.0-eigen-(3.2.92)-lapack-suitesparse-(4.4.6)-cxsparse-(3.1.4)-openmp)

                                     Original                  Reduced
Parameter blocks                            1                        1
Parameters                                 12                       12
Residual blocks                            99                       99
Residual                                  297                      297

Minimizer                        TRUST_REGION

Sparse linear algebra library    SUITE_SPARSE
Trust region strategy     LEVENBERG_MARQUARDT

                                        Given                     Used
Linear solver          SPARSE_NORMAL_CHOLESKY   SPARSE_NORMAL_CHOLESKY
Threads                                     1                        1
Linear solver threads                       1                        1
Linear solver ordering              AUTOMATIC                        1

Cost:
Initial                          2.692049e+01
Final                            3.885025e-03
Change                           2.691661e+01

Minimizer iterations                      636
Successful steps                          575
Unsuccessful steps                         61
Line search steps                        3374

Time (in seconds):
Preprocessor                           0.0001

  Residual evaluation                  1.1472
    Line search cost evaluation        0.0000
  Jacobian evaluation                896.1074
    Line search gradient evaluation    774.5209
  Linear solver                        0.0819
  Line search polynomial minimization  0.0412
Minimizer                            897.4196

Postprocessor                          0.0000
Total                                897.4197

Termination:                      CONVERGENCE (Function tolerance reached. |cost_change|/cost: 0.000000e+00 <= 1.000000e-50)

JsWamCH110P1 = {
{48.0100804,103.4827979,-133.1572480,110.9146627,0.0000000,0.0000000,0.0000000},
{47.3245349,103.5864652,-134.0251604,110.8400183,0.0000000,0.0000000,0.0000000},
{46.6289060,103.6713660,-134.8935078,110.7148101,0.0000000,0.0000000,0.0000000},
{45.9235308,103.7378354,-135.7612984,110.5830609,0.0000000,0.0000000,0.0000000},
{45.2087466,103.7862085,-136.6275401,110.3527690,0.0000000,0.0000000,0.0000000},
{44.4848906,103.8168204,-137.4912409,110.0562057,0.0000000,0.0000000,0.0000000},
{43.7523000,103.8300061,-138.3514087,109.6892511,0.0000000,0.0000000,0.0000000},
{43.0113119,103.8261007,-139.2070514,109.1710610,0.0000000,0.0000000,0.0000000},
{42.2622637,103.8054392,-140.0571772,108.6797848,0.0000000,0.0000000,0.0000000},
{41.5054924,103.7683569,-140.9007938,108.0934465,0.0000000,0.0000000,0.0000000},
{40.7413352,103.7151886,-141.7369094,107.4831678,0.0000000,0.0000000,0.0000000},
{39.9701295,103.6462696,-142.5645318,106.8457101,0.0000000,0.0000000,0.0000000},
{39.1922123,103.5619349,-143.3826690,106.1365061,0.0000000,0.0000000,0.0000000},
{38.4079209,103.4625196,-144.1903290,105.3749612,0.0000000,0.0000000,0.0000000},
{37.6175924,103.3483587,-144.9865198,104.5073123,0.0000000,0.0000000,0.0000000},
{36.8215641,103.2197874,-145.7702493,103.5728760,0.0000000,0.0000000,0.0000000},
{36.0201732,103.0771406,-146.5405255,102.5654287,0.0000000,0.0000000,0.0000000},
{35.2137569,102.9207535,-147.2963563,101.5756501,0.0000000,0.0000000,0.0000000},
{34.4026523,102.7509612,-148.0367498,100.6636194,0.0000000,0.0000000,0.0000000},
{33.5871967,102.5680988,-148.7607138,99.8849164,0.0000000,0.0000000,0.0000000},
{32.7677273,102.3725012,-149.4672564,99.2023169,0.0000000,0.0000000,0.0000000},
{31.9445812,102.1645036,-150.1553856,98.6324953,0.0000000,0.0000000,0.0000000},
{31.1180957,101.9444411,-150.8241092,98.0588607,0.0000000,0.0000000,0.0000000},
{30.2886079,101.7126488,-151.4724353,97.5459638,0.0000000,0.0000000,0.0000000},
{29.4564551,101.4694617,-152.0993718,96.9441657,0.0000000,0.0000000,0.0000000},
{28.6219745,101.2152148,-152.7039267,96.3503569,0.0000000,0.0000000,0.0000000},
{27.7855032,100.9502434,-153.2851079,95.7328910,0.0000000,0.0000000,0.0000000},
{26.9473785,100.6748824,-153.8419235,95.0695239,0.0000000,0.0000000,0.0000000},
{26.1079376,100.3894670,-154.3733813,94.6408276,0.0000000,0.0000000,0.0000000},
{25.2675176,100.0943321,-154.8784895,94.0694204,0.0000000,0.0000000,0.0000000},
{24.4264557,99.7898130,-155.3562558,93.6093094,0.0000000,0.0000000,0.0000000},
{23.5850893,99.4762446,-155.8056883,93.1299201,0.0000000,0.0000000,0.0000000},
{22.7437553,99.1539620,-156.2257950,92.6285855,0.0000000,0.0000000,0.0000000},
{21.9027912,98.8233004,-156.6155838,92.1529569,0.0000000,0.0000000,0.0000000},
{21.0625340,98.4845948,-156.9740627,91.7798169,0.0000000,0.0000000,0.0000000},
{20.2233209,98.1381802,-157.3002396,91.4098099,0.0000000,0.0000000,0.0000000},
{19.3854892,97.7843919,-157.5931226,91.0794291,0.0000000,0.0000000,0.0000000},
{18.5493761,97.4235647,-157.8517195,90.8048582,0.0000000,0.0000000,0.0000000},
{17.7153187,97.0560338,-158.0750384,90.6056285,0.0000000,0.0000000,0.0000000},
{16.8836542,96.6821344,-158.2620872,90.2850122,0.0000000,0.0000000,0.0000000},
{16.0547199,96.3022014,-158.4118739,89.9399450,0.0000000,0.0000000,0.0000000},
{15.2288530,95.9165699,-158.5234065,89.5993880,0.0000000,0.0000000,0.0000000},
{14.4063906,95.5255751,-158.5956929,89.2080577,0.0000000,0.0000000,0.0000000},
{13.5876699,95.1295519,-158.6277410,88.8299018,0.0000000,0.0000000,0.0000000},
{12.7730282,94.7288355,-158.6185589,88.3726851,0.0000000,0.0000000,0.0000000},
{11.9628026,94.3237610,-158.5671546,88.0093880,0.0000000,0.0000000,0.0000000},
{11.1573304,93.9146634,-158.4725359,87.7009591,0.0000000,0.0000000,0.0000000},
{10.3569487,93.5018778,-158.3337109,87.3358222,0.0000000,0.0000000,0.0000000},
{9.5619948,93.0857393,-158.1496874,87.0211148,0.0000000,0.0000000,0.0000000},
{8.7728058,92.6665830,-157.9194736,86.7136757,0.0000000,0.0000000,0.0000000},
{7.9897190,92.2447438,-157.6420774,86.3943488,0.0000000,0.0000000,0.0000000},
{7.2130715,91.8205570,-157.3165066,86.1286225,0.0000000,0.0000000,0.0000000},
{6.4432005,91.3943576,-156.9417693,85.9701201,0.0000000,0.0000000,0.0000000},
{5.6804433,90.9664807,-156.5168735,85.7696285,0.0000000,0.0000000,0.0000000},
{4.9251370,90.5372613,-156.0408271,85.6499779,0.0000000,0.0000000,0.0000000},
{4.1776189,90.1070346,-155.5126381,85.5250227,0.0000000,0.0000000,0.0000000},
{3.4382261,89.6761355,-154.9313144,85.3992670,0.0000000,0.0000000,0.0000000},
{2.7072958,89.2448992,-154.2958641,85.2661200,0.0000000,0.0000000,0.0000000},
{1.9851653,88.8136608,-153.6052950,85.0765245,0.0000000,0.0000000,0.0000000},
{1.2721717,88.3827553,-152.8586152,84.8436593,0.0000000,0.0000000,0.0000000},
{0.5686522,87.9525178,-152.0548326,84.6872023,0.0000000,0.0000000,0.0000000},
{-0.1250559,87.5232834,-151.1929552,84.5391900,0.0000000,0.0000000,0.0000000},
{-0.8086155,87.0953872,-150.2719909,84.3960772,0.0000000,0.0000000,0.0000000},
{-1.4816894,86.6691642,-149.2909478,84.3123424,0.0000000,0.0000000,0.0000000},
{-2.1439403,86.2449495,-148.2488337,84.3227162,0.0000000,0.0000000,0.0000000},
{-2.7950311,85.8230783,-147.1446567,84.3575013,0.0000000,0.0000000,0.0000000},
{-3.4346246,85.4038855,-145.9774247,84.4650077,0.0000000,0.0000000,0.0000000},
{-4.0623835,84.9877063,-144.7461457,84.6314839,0.0000000,0.0000000,0.0000000},
{-4.6779707,84.5748757,-143.4498276,84.8040203,0.0000000,0.0000000,0.0000000},
{-5.2810490,84.1657288,-142.0874785,84.9655846,0.0000000,0.0000000,0.0000000},
{-5.8712812,83.7606007,-140.6581062,85.1449621,0.0000000,0.0000000,0.0000000},
{-6.4483300,83.3598264,-139.1607188,85.3384113,0.0000000,0.0000000,0.0000000},
{-7.0118583,82.9637411,-137.5943242,85.6015290,0.0000000,0.0000000,0.0000000},
{-7.5615289,82.5726798,-135.9579303,85.8905827,0.0000000,0.0000000,0.0000000},
{-8.0970045,82.1869777,-134.2505453,86.2282331,0.0000000,0.0000000,0.0000000},
{-8.6179481,81.8069696,-132.4711769,86.5680627,0.0000000,0.0000000,0.0000000},
{-9.1240223,81.4329909,-130.6188332,86.9061128,0.0000000,0.0000000,0.0000000},
{-9.6148900,81.0653764,-128.6925222,87.2169529,0.0000000,0.0000000,0.0000000},
{-10.0902139,80.7044614,-126.6912518,87.5416690,0.0000000,0.0000000,0.0000000},
{-10.5496570,80.3505809,-124.6140299,87.7496812,0.0000000,0.0000000,0.0000000},
{-10.9928819,80.0040699,-122.4598646,87.9523763,0.0000000,0.0000000,0.0000000},
{-11.4195515,79.6652635,-120.2277639,88.1043351,0.0000000,0.0000000,0.0000000},
{-11.8293286,79.3344969,-117.9167356,88.2285894,0.0000000,0.0000000,0.0000000},
{-12.2218760,79.0121050,-115.5257877,88.3056411,0.0000000,0.0000000,0.0000000},
{-12.5968565,78.6984231,-113.0539283,88.3994398,0.0000000,0.0000000,0.0000000},
{-12.9539328,78.3937860,-110.5001652,88.4784497,0.0000000,0.0000000,0.0000000},
{-13.2927678,78.0985290,-107.8635065,88.5573555,0.0000000,0.0000000,0.0000000},
{-13.6130243,77.8129871,-105.1429601,88.6206517,0.0000000,0.0000000,0.0000000},
{-13.9143651,77.5374954,-102.3375340,88.7134998,0.0000000,0.0000000,0.0000000},
{-14.1964530,77.2723889,-99.4462361,88.6897914,0.0000000,0.0000000,0.0000000},
{-14.4589508,77.0180028,-96.4680745,88.6792189,0.0000000,0.0000000,0.0000000},
{-14.7015213,76.7746721,-93.4020570,88.6366235,0.0000000,0.0000000,0.0000000},
{-14.9238272,76.5427319,-90.2471917,88.6821072,0.0000000,0.0000000,0.0000000},
{-15.1255315,76.3225172,-87.0024864,88.6966444,0.0000000,0.0000000,0.0000000},
{-15.3062968,76.1143632,-83.6669493,88.7664566,0.0000000,0.0000000,0.0000000},
{-15.4657861,75.9186049,-80.2395882,88.8470747,0.0000000,0.0000000,0.0000000},
{-15.6036620,75.7355774,-76.7194111,88.9565025,0.0000000,0.0000000,0.0000000},
{-15.7195874,75.5656158,-73.1054260,89.0588133,0.0000000,0.0000000,0.0000000},
{-15.8132251,75.4090551,-69.3966408,89.1682851,0.0000000,0.0000000,0.0000000}
};
elErrMEAN = 0.0451849
laErrMEAN = 0.7921321
wErrMEAN = -nan
 *) 
UaVsWam10P1 = {
{-0.3134906,-0.2457478,-0.3792515},
{-0.3130362,-0.2446719,-0.3803209},
{-0.3123509,-0.2432992,-0.3817622},
{-0.3115135,-0.2417690,-0.3834151},
{-0.3106172,-0.2398346,-0.3853522},
{-0.3097374,-0.2375969,-0.3874409},
{-0.3084328,-0.2351329,-0.3899766},
{-0.3073474,-0.2320312,-0.3926819},
{-0.3060425,-0.2288619,-0.3955505},
{-0.3046588,-0.2252834,-0.3986607},
{-0.3034509,-0.2217115,-0.4015738},
{-0.3020148,-0.2180625,-0.4046429},
{-0.3006101,-0.2143157,-0.4076792},
{-0.2991152,-0.2101604,-0.4109291},
{-0.2974887,-0.2057498,-0.4143277},
{-0.2956030,-0.2011228,-0.4179336},
{-0.2938251,-0.1958834,-0.4216592},
{-0.2917215,-0.1905048,-0.4255661},
{-0.2899007,-0.1851511,-0.4291581},
{-0.2880597,-0.1799061,-0.4326146},
{-0.2861116,-0.1752346,-0.4358130},
{-0.2843047,-0.1707226,-0.4387763},
{-0.2824705,-0.1662002,-0.4416875},
{-0.2805689,-0.1617192,-0.4445537},
{-0.2787780,-0.1566930,-0.4474708},
{-0.2769847,-0.1515086,-0.4503605},
{-0.2750090,-0.1459903,-0.4533838},
{-0.2725410,-0.1395562,-0.4568867},
{-0.2707612,-0.1343445,-0.4594997},
{-0.2684460,-0.1282748,-0.4625823},
{-0.2659238,-0.1225487,-0.4655818},
{-0.2633680,-0.1161362,-0.4686680},
{-0.2609056,-0.1097107,-0.4715844},
{-0.2583728,-0.1030069,-0.4744819},
{-0.2561583,-0.0967633,-0.4769903},
{-0.2540787,-0.0895244,-0.4795096},
{-0.2519383,-0.0824463,-0.4819022},
{-0.2498887,-0.0754092,-0.4841168},
{-0.2475718,-0.0686944,-0.4863017},
{-0.2453096,-0.0614547,-0.4884122},
{-0.2428063,-0.0540888,-0.4905298},
{-0.2400545,-0.0467243,-0.4926365},
{-0.2370603,-0.0390591,-0.4947492},
{-0.2339569,-0.0312280,-0.4967786},
{-0.2304742,-0.0229126,-0.4988553},
{-0.2270674,-0.0146332,-0.5007257},
{-0.2233275,-0.0068845,-0.5025708},
{-0.2189189,0.0010058,-0.5045528},
{-0.2147261,0.0090376,-0.5062717},
{-0.2101776,0.0170550,-0.5079710},
{-0.2054343,0.0250530,-0.5095774},
{-0.2008512,0.0326967,-0.5109694},
{-0.1963112,0.0400295,-0.5122105},
{-0.1916656,0.0474997,-0.5133304},
{-0.1869482,0.0546515,-0.5143574},
{-0.1823368,0.0617780,-0.5152056},
{-0.1772983,0.0687551,-0.5160795},
{-0.1720624,0.0758805,-0.5168527},
{-0.1665727,0.0832032,-0.5175237},
{-0.1611903,0.0904928,-0.5180046},
{-0.1562084,0.0978174,-0.5181995},
{-0.1510761,0.1051543,-0.5182843},
{-0.1459215,0.1121449,-0.5182957},
{-0.1410516,0.1189291,-0.5181316},
{-0.1360642,0.1252522,-0.5179753},
{-0.1311231,0.1316223,-0.5176701},
{-0.1260985,0.1375772,-0.5173700},
{-0.1211402,0.1432716,-0.5170090},
{-0.1163162,0.1489313,-0.5165172},
{-0.1113626,0.1543096,-0.5160300},
{-0.1068861,0.1593302,-0.5154505},
{-0.1022121,0.1641387,-0.5148895},
{-0.0979297,0.1685457,-0.5142977},
{-0.0934522,0.1727450,-0.5137372},
{-0.0889789,0.1766249,-0.5132119},
{-0.0844934,0.1804858,-0.5126263},
{-0.0798131,0.1837867,-0.5122034},
{-0.0748492,0.1870396,-0.5117751},
{-0.0700461,0.1896249,-0.5115036},
{-0.0650495,0.1921462,-0.5112224},
{-0.0602128,0.1941488,-0.5110584},
{-0.0555481,0.1958364,-0.5109428},
{-0.0508839,0.1973629,-0.5108412},
{-0.0462119,0.1985278,-0.5108338},
{-0.0417237,0.1994393,-0.5108650},
{-0.0373933,0.1999874,-0.5109861},
{-0.0333988,0.2002261,-0.5111693},
{-0.0295614,0.2002496,-0.5113963},
{-0.0263823,0.1997041,-0.5117834},
{-0.0233755,0.1988591,-0.5122584},
{-0.0203742,0.1980637,-0.5126945},
{-0.0180302,0.1969967,-0.5131931},
{-0.0156963,0.1960371,-0.5136371},
{-0.0135257,0.1948700,-0.5141427},
{-0.0115237,0.1938989,-0.5145585},
{-0.0098552,0.1924277,-0.5151451},
{-0.0083522,0.1910988,-0.5156661},
{-0.0068497,0.1896199,-0.5162338},
{-0.0056792,0.1880828,-0.5168100}
};
elOffsetWam10P1 = {
{0.0159684,-0.0400851,0.0127748},
{0.0157462,-0.0401440,0.0128654},
{0.0155122,-0.0402124,0.0129358},
{0.0152089,-0.0402914,0.0130497},
{0.0148691,-0.0403856,0.0131497},
{0.0144820,-0.0404920,0.0132541},
{0.0140055,-0.0406088,0.0134078},
{0.0134549,-0.0407486,0.0135469},
{0.0128370,-0.0408880,0.0137253},
{0.0121513,-0.0410369,0.0139039},
{0.0114854,-0.0411769,0.0140551},
{0.0107895,-0.0413118,0.0142099},
{0.0100855,-0.0414414,0.0143489},
{0.0093244,-0.0415754,0.0144755},
{0.0085214,-0.0417066,0.0145926},
{0.0076728,-0.0418321,0.0147039},
{0.0067644,-0.0419619,0.0147799},
{0.0058300,-0.0420804,0.0148409},
{0.0049251,-0.0421847,0.0148727},
{0.0040473,-0.0422736,0.0148849},
{0.0032166,-0.0423358,0.0149110},
{0.0024405,-0.0423875,0.0149111},
{0.0016684,-0.0424294,0.0148985},
{0.0009025,-0.0424603,0.0148765},
{0.0001283,-0.0424960,0.0148011},
{-0.0006422,-0.0425259,0.0147014},
{-0.0014363,-0.0425508,0.0145727},
{-0.0023407,-0.0425698,0.0143992},
{-0.0031004,-0.0425642,0.0142715},
{-0.0039630,-0.0425501,0.0140990},
{-0.0047706,-0.0425267,0.0139185},
{-0.0056131,-0.0424994,0.0136857},
{-0.0064073,-0.0424701,0.0134252},
{-0.0071687,-0.0424444,0.0131180},
{-0.0078605,-0.0424115,0.0128250},
{-0.0084923,-0.0424108,0.0124179},
{-0.0091446,-0.0423863,0.0120324},
{-0.0096984,-0.0423816,0.0116077},
{-0.0102525,-0.0423601,0.0112032},
{-0.0107798,-0.0423484,0.0107428},
{-0.0113218,-0.0423240,0.0102711},
{-0.0118776,-0.0422838,0.0097982},
{-0.0124692,-0.0422241,0.0093082},
{-0.0130770,-0.0421475,0.0088080},
{-0.0137240,-0.0420503,0.0082720},
{-0.0143842,-0.0419292,0.0077482},
{-0.0150782,-0.0417703,0.0072725},
{-0.0158394,-0.0415694,0.0067897},
{-0.0166109,-0.0413436,0.0063072},
{-0.0173999,-0.0410898,0.0058198},
{-0.0182362,-0.0407904,0.0053464},
{-0.0190397,-0.0404789,0.0048939},
{-0.0198622,-0.0401305,0.0044762},
{-0.0206786,-0.0397625,0.0040416},
{-0.0214873,-0.0393719,0.0036264},
{-0.0222896,-0.0389592,0.0032170},
{-0.0231497,-0.0384852,0.0028258},
{-0.0239944,-0.0379929,0.0024100},
{-0.0248314,-0.0374771,0.0019671},
{-0.0255604,-0.0370060,0.0014890},
{-0.0262895,-0.0365075,0.0010335},
{-0.0269466,-0.0360359,0.0005434},
{-0.0275898,-0.0355499,0.0000757},
{-0.0281723,-0.0350881,-0.0003845},
{-0.0287543,-0.0346053,-0.0008146},
{-0.0293215,-0.0341130,-0.0012466},
{-0.0298596,-0.0336249,-0.0016637},
{-0.0303530,-0.0331570,-0.0020763},
{-0.0308256,-0.0326896,-0.0024839},
{-0.0312488,-0.0322506,-0.0029003},
{-0.0316310,-0.0318388,-0.0032825},
{-0.0319821,-0.0314427,-0.0036746},
{-0.0322947,-0.0310768,-0.0040351},
{-0.0326357,-0.0306718,-0.0043768},
{-0.0329617,-0.0302721,-0.0047035},
{-0.0332820,-0.0298665,-0.0050297},
{-0.0336267,-0.0294270,-0.0053191},
{-0.0339582,-0.0289858,-0.0056270},
{-0.0342859,-0.0285451,-0.0058871},
{-0.0345797,-0.0281274,-0.0061718},
{-0.0348643,-0.0277172,-0.0064219},
{-0.0351374,-0.0273156,-0.0066496},
{-0.0353932,-0.0269263,-0.0068775},
{-0.0356262,-0.0265590,-0.0070989},
{-0.0358374,-0.0262160,-0.0073077},
{-0.0360085,-0.0259226,-0.0075104},
{-0.0361896,-0.0256215,-0.0076714},
{-0.0363187,-0.0253863,-0.0078412},
{-0.0364279,-0.0251943,-0.0079533},
{-0.0365140,-0.0250375,-0.0080533},
{-0.0366005,-0.0248773,-0.0081561},
{-0.0366424,-0.0247914,-0.0082292},
{-0.0366701,-0.0247218,-0.0083148},
{-0.0366887,-0.0246704,-0.0083854},
{-0.0366796,-0.0246552,-0.0084693},
{-0.0366630,-0.0246651,-0.0085120},
{-0.0366435,-0.0246801,-0.0085526},
{-0.0366065,-0.0247204,-0.0085944},
{-0.0365594,-0.0247821,-0.0086172}
};
shoToElVsWam10P1 = {
{-0.3134906,-0.2457478,-0.3792515},
{-0.3130362,-0.2446719,-0.3803209},
{-0.3123509,-0.2432992,-0.3817622},
{-0.3115135,-0.2417690,-0.3834151},
{-0.3106172,-0.2398346,-0.3853522},
{-0.3097374,-0.2375969,-0.3874409},
{-0.3084328,-0.2351329,-0.3899766},
{-0.3073474,-0.2320312,-0.3926819},
{-0.3060425,-0.2288619,-0.3955505},
{-0.3046588,-0.2252834,-0.3986607},
{-0.3034509,-0.2217115,-0.4015738},
{-0.3020148,-0.2180625,-0.4046429},
{-0.3006101,-0.2143157,-0.4076792},
{-0.2991152,-0.2101604,-0.4109291},
{-0.2974887,-0.2057498,-0.4143277},
{-0.2956030,-0.2011228,-0.4179336},
{-0.2938251,-0.1958834,-0.4216592},
{-0.2917215,-0.1905048,-0.4255661},
{-0.2899007,-0.1851511,-0.4291581},
{-0.2880597,-0.1799061,-0.4326146},
{-0.2861116,-0.1752346,-0.4358130},
{-0.2843047,-0.1707226,-0.4387763},
{-0.2824705,-0.1662002,-0.4416875},
{-0.2805689,-0.1617192,-0.4445537},
{-0.2787780,-0.1566930,-0.4474708},
{-0.2769847,-0.1515086,-0.4503605},
{-0.2750090,-0.1459903,-0.4533838},
{-0.2725410,-0.1395562,-0.4568867},
{-0.2707612,-0.1343445,-0.4594997},
{-0.2684460,-0.1282748,-0.4625823},
{-0.2659238,-0.1225487,-0.4655818},
{-0.2633680,-0.1161362,-0.4686680},
{-0.2609056,-0.1097107,-0.4715844},
{-0.2583728,-0.1030069,-0.4744819},
{-0.2561583,-0.0967633,-0.4769903},
{-0.2540787,-0.0895244,-0.4795096},
{-0.2519383,-0.0824463,-0.4819022},
{-0.2498887,-0.0754092,-0.4841168},
{-0.2475718,-0.0686944,-0.4863017},
{-0.2453096,-0.0614547,-0.4884122},
{-0.2428063,-0.0540888,-0.4905298},
{-0.2400545,-0.0467243,-0.4926365},
{-0.2370603,-0.0390591,-0.4947492},
{-0.2339569,-0.0312280,-0.4967786},
{-0.2304742,-0.0229126,-0.4988553},
{-0.2270674,-0.0146332,-0.5007257},
{-0.2233275,-0.0068845,-0.5025708},
{-0.2189189,0.0010058,-0.5045528},
{-0.2147261,0.0090376,-0.5062717},
{-0.2101776,0.0170550,-0.5079710},
{-0.2054343,0.0250530,-0.5095774},
{-0.2008512,0.0326967,-0.5109694},
{-0.1963112,0.0400295,-0.5122105},
{-0.1916656,0.0474997,-0.5133304},
{-0.1869482,0.0546515,-0.5143574},
{-0.1823368,0.0617780,-0.5152056},
{-0.1772983,0.0687551,-0.5160795},
{-0.1720624,0.0758805,-0.5168527},
{-0.1665727,0.0832032,-0.5175237},
{-0.1611903,0.0904928,-0.5180046},
{-0.1562084,0.0978174,-0.5181995},
{-0.1510761,0.1051543,-0.5182843},
{-0.1459215,0.1121449,-0.5182957},
{-0.1410516,0.1189291,-0.5181316},
{-0.1360642,0.1252522,-0.5179753},
{-0.1311231,0.1316223,-0.5176701},
{-0.1260985,0.1375772,-0.5173700},
{-0.1211402,0.1432716,-0.5170090},
{-0.1163162,0.1489313,-0.5165172},
{-0.1113626,0.1543096,-0.5160300},
{-0.1068861,0.1593302,-0.5154505},
{-0.1022121,0.1641387,-0.5148895},
{-0.0979297,0.1685457,-0.5142977},
{-0.0934522,0.1727450,-0.5137372},
{-0.0889789,0.1766249,-0.5132119},
{-0.0844934,0.1804858,-0.5126263},
{-0.0798131,0.1837867,-0.5122034},
{-0.0748492,0.1870396,-0.5117751},
{-0.0700461,0.1896249,-0.5115036},
{-0.0650495,0.1921462,-0.5112224},
{-0.0602128,0.1941488,-0.5110584},
{-0.0555481,0.1958364,-0.5109428},
{-0.0508839,0.1973629,-0.5108412},
{-0.0462119,0.1985278,-0.5108338},
{-0.0417237,0.1994393,-0.5108650},
{-0.0373933,0.1999874,-0.5109861},
{-0.0333988,0.2002261,-0.5111693},
{-0.0295614,0.2002496,-0.5113963},
{-0.0263823,0.1997041,-0.5117834},
{-0.0233755,0.1988591,-0.5122584},
{-0.0203742,0.1980637,-0.5126945},
{-0.0180302,0.1969967,-0.5131931},
{-0.0156963,0.1960371,-0.5136371},
{-0.0135257,0.1948700,-0.5141427},
{-0.0115237,0.1938989,-0.5145585},
{-0.0098552,0.1924277,-0.5151451},
{-0.0083522,0.1910988,-0.5156661},
{-0.0068497,0.1896199,-0.5162338},
{-0.0056792,0.1880828,-0.5168100}
};
l1Wam10P1 = {
{0.0384009,-0.2974774,0.0057082},
{0.0373617,-0.2975965,0.0063567},
{0.0364655,-0.2976931,0.0070076},
{0.0351833,-0.2978245,0.0079195},
{0.0340117,-0.2979272,0.0090871},
{0.0327524,-0.2980209,0.0105276},
{0.0312292,-0.2981085,0.0124917},
{0.0296722,-0.2981536,0.0149662},
{0.0276071,-0.2982093,0.0175800},
{0.0253938,-0.2982144,0.0205755},
{0.0233062,-0.2981634,0.0235666},
{0.0211041,-0.2980628,0.0267058},
{0.0190165,-0.2978810,0.0300877},
{0.0166805,-0.2976430,0.0336217},
{0.0143493,-0.2972922,0.0375692},
{0.0118839,-0.2968373,0.0417897},
{0.0091488,-0.2962900,0.0461360},
{0.0061464,-0.2956811,0.0503482},
{0.0030068,-0.2950621,0.0541230},
{-0.0003921,-0.2944864,0.0572504},
{-0.0037896,-0.2938916,0.0601112},
{-0.0071902,-0.2933594,0.0623585},
{-0.0105871,-0.2927779,0.0645680},
{-0.0141324,-0.2922009,0.0664747},
{-0.0175356,-0.2915619,0.0684411},
{-0.0209663,-0.2909075,0.0702371},
{-0.0245117,-0.2902079,0.0719621},
{-0.0286796,-0.2894147,0.0735978},
{-0.0325511,-0.2887600,0.0745526},
{-0.0367443,-0.2879176,0.0758507},
{-0.0408722,-0.2871568,0.0766189},
{-0.0452086,-0.2863652,0.0771438},
{-0.0491972,-0.2855805,0.0776106},
{-0.0530518,-0.2848737,0.0776689},
{-0.0567176,-0.2842459,0.0773781},
{-0.0600082,-0.2838544,0.0763262},
{-0.0635417,-0.2833723,0.0752502},
{-0.0665640,-0.2830942,0.0736676},
{-0.0697736,-0.2827807,0.0718800},
{-0.0725302,-0.2824860,0.0702924},
{-0.0753398,-0.2821290,0.0687541},
{-0.0782665,-0.2817068,0.0671985},
{-0.0813331,-0.2811728,0.0657783},
{-0.0845556,-0.2805769,0.0642412},
{-0.0878867,-0.2798671,0.0628515},
{-0.0915347,-0.2790821,0.0611110},
{-0.0955536,-0.2780940,0.0594409},
{-0.0999315,-0.2768552,0.0580078},
{-0.1045031,-0.2755081,0.0563419},
{-0.1092366,-0.2740150,0.0546183},
{-0.1142872,-0.2722570,0.0530525},
{-0.1192451,-0.2704474,0.0513692},
{-0.1245621,-0.2684096,0.0494022},
{-0.1297700,-0.2662726,0.0475251},
{-0.1351016,-0.2639841,0.0453867},
{-0.1403846,-0.2615657,0.0433073},
{-0.1460767,-0.2587492,0.0413575},
{-0.1516715,-0.2558378,0.0392780},
{-0.1571337,-0.2528206,0.0372927},
{-0.1618115,-0.2501447,0.0352802},
{-0.1666208,-0.2472780,0.0330323},
{-0.1709864,-0.2446074,0.0305096},
{-0.1752809,-0.2418399,0.0281086},
{-0.1792659,-0.2391979,0.0254579},
{-0.1834133,-0.2363287,0.0225454},
{-0.1874972,-0.2333770,0.0194923},
{-0.1915017,-0.2303591,0.0161795},
{-0.1952835,-0.2273885,0.0126032},
{-0.1989140,-0.2243920,0.0090235},
{-0.2021909,-0.2215609,0.0054395},
{-0.2051822,-0.2188522,0.0019908},
{-0.2079774,-0.2162010,-0.0015917},
{-0.2105675,-0.2136192,-0.0053073},
{-0.2133588,-0.2107051,-0.0090226},
{-0.2160762,-0.2077145,-0.0128743},
{-0.2187233,-0.2046464,-0.0167329},
{-0.2215018,-0.2013049,-0.0203298},
{-0.2241385,-0.1979646,-0.0239152},
{-0.2267232,-0.1945620,-0.0272440},
{-0.2289604,-0.1914869,-0.0301648},
{-0.2311066,-0.1884469,-0.0328254},
{-0.2331189,-0.1855382,-0.0350875},
{-0.2349838,-0.1827504,-0.0372146},
{-0.2366585,-0.1801847,-0.0390666},
{-0.2381871,-0.1777437,-0.0409156},
{-0.2394303,-0.1756531,-0.0426510},
{-0.2407289,-0.1735055,-0.0441071},
{-0.2416666,-0.1718223,-0.0455449},
{-0.2424685,-0.1703653,-0.0467409},
{-0.2430712,-0.1693529,-0.0472860},
{-0.2436824,-0.1682948,-0.0479136},
{-0.2439797,-0.1677858,-0.0481853},
{-0.2442057,-0.1672278,-0.0489739},
{-0.2443600,-0.1668444,-0.0495091},
{-0.2443387,-0.1666066,-0.0504065},
{-0.2442627,-0.1665126,-0.0510815},
{-0.2441666,-0.1664048,-0.0518854},
{-0.2439490,-0.1664796,-0.0526633},
{-0.2436587,-0.1666859,-0.0533501}
};
wOffsetWam10P1 = {
{-0.0296596,-0.0044724,-0.0335455},
{-0.0295383,-0.0044273,-0.0336584},
{-0.0293908,-0.0043956,-0.0337914},
{-0.0292073,-0.0043533,-0.0339556},
{-0.0289990,-0.0043517,-0.0341339},
{-0.0287718,-0.0043745,-0.0343227},
{-0.0284787,-0.0044315,-0.0345590},
{-0.0281705,-0.0045501,-0.0347954},
{-0.0278322,-0.0046431,-0.0350543},
{-0.0274679,-0.0047761,-0.0353229},
{-0.0271314,-0.0049314,-0.0355608},
{-0.0267767,-0.0051039,-0.0358044},
{-0.0264294,-0.0053264,-0.0360294},
{-0.0260694,-0.0055565,-0.0362562},
{-0.0256986,-0.0058497,-0.0364742},
{-0.0253109,-0.0061787,-0.0366903},
{-0.0249361,-0.0065140,-0.0368885},
{-0.0245525,-0.0068258,-0.0370888},
{-0.0242209,-0.0070811,-0.0372586},
{-0.0239134,-0.0072440,-0.0374256},
{-0.0236222,-0.0073825,-0.0375831},
{-0.0233641,-0.0074478,-0.0377313},
{-0.0231169,-0.0075157,-0.0378698},
{-0.0228754,-0.0075410,-0.0380112},
{-0.0226573,-0.0075884,-0.0381322},
{-0.0224523,-0.0076164,-0.0382477},
{-0.0222447,-0.0076345,-0.0383652},
{-0.0220048,-0.0076119,-0.0385078},
{-0.0218297,-0.0075120,-0.0386269},
{-0.0216272,-0.0074492,-0.0387528},
{-0.0214139,-0.0073297,-0.0388937},
{-0.0212097,-0.0071674,-0.0390356},
{-0.0210305,-0.0070191,-0.0391593},
{-0.0208554,-0.0068274,-0.0392867},
{-0.0207042,-0.0065959,-0.0394060},
{-0.0205730,-0.0062791,-0.0395262},
{-0.0204372,-0.0059459,-0.0396480},
{-0.0203072,-0.0055739,-0.0397687},
{-0.0201464,-0.0051724,-0.0399045},
{-0.0200169,-0.0048174,-0.0400139},
{-0.0198778,-0.0044698,-0.0401235},
{-0.0197234,-0.0041184,-0.0402371},
{-0.0195663,-0.0037790,-0.0403470},
{-0.0194050,-0.0034152,-0.0404572},
{-0.0192391,-0.0030681,-0.0405641},
{-0.0190667,-0.0026530,-0.0406746},
{-0.0188624,-0.0022384,-0.0407946},
{-0.0186284,-0.0018500,-0.0409214},
{-0.0184080,-0.0014101,-0.0410385},
{-0.0181655,-0.0009624,-0.0411593},
{-0.0179219,-0.0005195,-0.0412739},
{-0.0176813,-0.0000639,-0.0413808},
{-0.0174180,0.0004468,-0.0414899},
{-0.0171644,0.0009426,-0.0415872},
{-0.0168815,0.0014723,-0.0416875},
{-0.0166121,0.0019994,-0.0417737},
{-0.0163164,0.0025203,-0.0418620},
{-0.0160100,0.0030518,-0.0419448},
{-0.0157095,0.0035659,-0.0420178},
{-0.0154321,0.0040481,-0.0420769},
{-0.0151600,0.0045885,-0.0421203},
{-0.0148690,0.0051351,-0.0421609},
{-0.0145761,0.0056602,-0.0421960},
{-0.0142758,0.0062052,-0.0422220},
{-0.0139224,0.0067743,-0.0422525},
{-0.0135592,0.0073629,-0.0422722},
{-0.0131491,0.0079606,-0.0422934},
{-0.0127079,0.0085686,-0.0423095},
{-0.0122693,0.0091748,-0.0423118},
{-0.0118185,0.0097465,-0.0423123},
{-0.0113909,0.0102947,-0.0422997},
{-0.0109343,0.0108297,-0.0422866},
{-0.0104656,0.0113661,-0.0422644},
{-0.0099651,0.0118994,-0.0422386},
{-0.0094326,0.0124285,-0.0422085},
{-0.0088930,0.0129526,-0.0421680},
{-0.0083356,0.0134269,-0.0421335},
