(* /home/sara/Dropbox/Reaching Study/Gilwoo_Automated_v2/csv_only_manual_inspection/2016_12_14_study_4_Part12_1/2016_12_14_study_4_Part12_1_34559_34796_clean_phase1.csv
shoToElMeanLH: 0.297461
elToLaMeanLH: 0.135528
elToWrMeanLH: 0.275901
WrToThMeanLH: 0.0575135
WrToPkMeanLH: 0.877833
shoToElMeanLH / elToWrMeanLH: 1.07815
shoToElMeanLWam: 0.55
elToWrMeanLWam: 0.3
shoToElMeanLWam / elToWrMeanLWam: 1.83333
cameraToBaseR0 = {
{-0.0129711,-0.1561160,0.9876536},
{0.7315479,0.6718822,0.1158103},
{-0.6816667,0.7240181,0.1054913}
};
cameraToBaseR1 = {
{-0.0143171,-0.1574880,0.9874171},
{0.7321355,0.6709262,0.1176249},
{-0.6810085,0.7246072,0.1056968}
};
cameraToBaseR2 = {
{-0.0193720,-0.1563596,0.9875102},
{0.7310267,0.6715926,0.1206787},
{-0.6820738,0.7242341,0.1012930}
};
cameraToBaseR3 = {
{-0.0235030,-0.1553042,0.9875871},
{0.7331167,0.6689532,0.1226440},
{-0.6796966,0.7268991,0.0981337}
};
cameraToBaseR4 = {
{-0.0262517,-0.1529045,0.9878922},
{0.7362746,0.6654897,0.1225689},
{-0.6761734,0.7305776,0.0951095}
};
cameraToBaseR5 = {
{-0.0303995,-0.1515369,0.9879840},
{0.7376985,0.6635563,0.1244746},
{-0.6744455,0.7326183,0.0916168}
};
cameraToBaseR6 = {
{-0.0331740,-0.1488220,0.9883074},
{0.7411093,0.6597909,0.1242295},
{-0.6705643,0.7365650,0.0884055}
};
cameraToBaseR7 = {
{-0.0359472,-0.1465542,0.9885493},
{0.7439775,0.6565256,0.1243848},
{-0.6672370,0.7399297,0.0854327}
};
cameraToBaseR8 = {
{-0.0387515,-0.1453183,0.9886258},
{0.7466987,0.6532559,0.1252908},
{-0.6640326,0.7430608,0.0831943}
};
cameraToBaseR9 = {
{-0.0420113,-0.1426537,0.9888807},
{0.7503412,0.6490275,0.1255045},
{-0.6597144,0.7472705,0.0797724}
};
cameraToBaseR10 = {
{-0.0452927,-0.1404997,0.9890442},
{0.7523471,0.6465464,0.1262991},
{-0.6572080,0.7498250,0.0764208}
};
cameraToBaseR11 = {
{-0.0500039,-0.1361218,0.9894294},
{0.7555488,0.6427410,0.1266098},
{-0.6531811,0.7538932,0.0707071}
};
cameraToBaseR12 = {
{-0.0543772,-0.1305981,0.9899431},
{0.7572825,0.6407913,0.1261335},
{-0.6508197,0.7565253,0.0640553}
};
cameraToBaseR13 = {
{-0.0596379,-0.1271965,0.9900830},
{0.7605856,0.6365760,0.1275954},
{-0.6464927,0.7606524,0.0587798}
};
cameraToBaseR14 = {
{-0.0639959,-0.1233205,0.9903013},
{0.7625971,0.6340355,0.1282364},
{-0.6437004,0.7634075,0.0534682}
};
cameraToBaseR15 = {
{-0.0712691,-0.1195633,0.9902653},
{0.7679945,0.6269229,0.1309661},
{-0.6364787,0.7698521,0.0471437}
};
cameraToBaseR16 = {
{-0.0764116,-0.1141458,0.9905211},
{0.7689321,0.6256775,0.1314195},
{-0.6347478,0.7716854,0.0399613}
};
cameraToBaseR17 = {
{-0.0828219,-0.1093249,0.9905496},
{0.7733298,0.6198808,0.1330746},
{-0.6285710,0.7770431,0.0332045}
};
cameraToBaseR18 = {
{-0.0889329,-0.1036758,0.9906272},
{0.7771864,0.6148124,0.1341157},
{-0.6229544,0.7818293,0.0258984}
};
cameraToBaseR19 = {
{-0.0940565,-0.0983535,0.9906967},
{0.7805131,0.6104536,0.1347058},
{-0.6180232,0.7859217,0.0193491}
};
cameraToBaseR20 = {
{-0.1006907,-0.0925396,0.9906048},
{0.7835616,0.6061854,0.1362738},
{-0.6131008,0.7899213,0.0114732}
};
cameraToBaseR21 = {
{-0.1054689,-0.0866868,0.9906370},
{0.7877405,0.6007087,0.1364330},
{-0.6069112,0.7947544,0.0049306}
};
cameraToBaseR22 = {
{-0.1120499,-0.0787247,0.9905792},
{0.7923899,0.5944605,0.1368754},
{-0.5996357,0.8002619,-0.0042286}
};
cameraToBaseR23 = {
{-0.1194773,-0.0709093,0.9903015},
{0.7968321,0.5881711,0.1382509},
{-0.5922700,0.8056219,-0.0137703}
};
cameraToBaseR24 = {
{-0.1248733,-0.0624366,0.9902062},
{0.8001071,0.5838353,0.1377135},
{-0.5867157,0.8094677,-0.0229494}
};
cameraToBaseR25 = {
{-0.1328616,-0.0547077,0.9896236},
{0.8063534,0.5746198,0.1400225},
{-0.5763176,0.8165900,-0.0322311}
};
cameraToBaseR26 = {
{-0.1370130,-0.0451799,0.9895384},
{0.8088480,0.5715730,0.1380910},
{-0.5718324,0.8193064,-0.0417693}
};
cameraToBaseR27 = {
{-0.1444321,-0.0364777,0.9888421},
{0.8123802,0.5661854,0.1395439},
{-0.5649582,0.8234704,-0.0521415}
};
cameraToBaseR28 = {
{-0.1440635,-0.0292088,0.9891373},
{0.8181965,0.5587034,0.1356650},
{-0.5565970,0.8288530,-0.0565903}
};
cameraToBaseR29 = {
{-0.1463297,-0.0321332,0.9887139},
{0.8215615,0.5527755,0.1395563},
{-0.5510212,0.8327105,-0.0544880}
};
cameraToBaseR30 = {
{-0.1517855,-0.0336202,0.9878415},
{0.8246966,0.5465872,0.1453202},
{-0.5448272,0.8367270,-0.0552375}
};
cameraToBaseR31 = {
{-0.1540978,-0.0327024,0.9875143},
{0.8287875,0.5398532,0.1472068},
{-0.5379267,0.8411237,-0.0560868}
};
cameraToBaseR32 = {
{-0.1553051,-0.0302671,0.9874028},
{0.8322448,0.5344865,0.1472846},
{-0.5322113,0.8446349,-0.0578188}
};
cameraToBaseR33 = {
{-0.1579591,-0.0298036,0.9869958},
{0.8351002,0.5293555,0.1496342},
{-0.5269313,0.8478764,-0.0587275}
};
cameraToBaseR34 = {
{-0.1593426,-0.0277981,0.9868319},
{0.8376982,0.5251148,0.1500541},
{-0.5223713,0.8505773,-0.0603867}
};
cameraToBaseR35 = {
{-0.1607120,-0.0258731,0.9866622},
{0.8409823,0.5196780,0.1506105},
{-0.5166434,0.8539703,-0.0617596}
};
cameraToBaseR36 = {
{-0.1599034,-0.0249071,0.9868184},
{0.8445739,0.5140489,0.1498287},
{-0.5110047,0.8573992,-0.0611623}
};
cameraToBaseR37 = {
{-0.1582799,-0.0229681,0.9871271},
{0.8479056,0.5091272,0.1478027},
{-0.5059680,0.8603848,-0.0611098}
};
cameraToBaseR38 = {
{-0.1572151,-0.0205281,0.9873510},
{0.8516784,0.5032948,0.1460761},
{-0.4999273,0.8638709,-0.0616422}
};
cameraToBaseR39 = {
{-0.1540317,-0.0175606,0.9879099},
{0.8553150,0.4982083,0.1422138},
{-0.4946823,0.8668795,-0.0617200}
};
cameraToBaseR40 = {
{-0.1508341,-0.0135751,0.9884659},
{0.8597361,0.4917572,0.1379442},
{-0.4879579,0.8706265,-0.0625028}
};
cameraToBaseR41 = {
{-0.1462123,-0.0100836,0.9892018},
{0.8637643,0.4861290,0.1326270},
{-0.4822170,0.8738289,-0.0623682}
};
cameraToBaseR42 = {
{-0.1441083,-0.0060677,0.9895433},
{0.8678194,0.4797550,0.1293233},
{-0.4755231,0.8773815,-0.0638710}
};
cameraToBaseR43 = {
{-0.1408537,-0.0015200,0.9900293},
{0.8718528,0.4736094,0.1247676},
{-0.4690768,0.8807337,-0.0653844}
};
cameraToBaseR44 = {
{-0.1408538,0.0005067,0.9900303},
{0.8734215,0.4709069,0.1240227},
{-0.4661492,0.8821828,-0.0667716}
};
cameraToBaseR45 = {
{-0.1409947,0.0030431,0.9900057},
{0.8751842,0.4678392,0.1232040},
{-0.4627885,0.8838084,-0.0686261}
};
cameraToBaseR46 = {
{-0.1431246,0.0050753,0.9896917},
{0.8756417,0.4667081,0.1242379},
{-0.4612666,0.8843968,-0.0712416}
};
cameraToBaseR47 = {
{-0.1475940,0.0055792,0.9890323},
{0.8742963,0.4682579,0.1278304},
{-0.4624090,0.8835742,-0.0739899}
};
cameraToBaseR48 = {
{-0.1528565,0.0050783,0.9882353},
{0.8726660,0.4699792,0.1325656},
{-0.4637768,0.8826629,-0.0762710}
};
cameraToBaseR49 = {
{-0.1588001,0.0045661,0.9873002},
{0.8694880,0.4743851,0.1376569},
{-0.4677319,0.8803056,-0.0793026}
};
cameraToBaseR50 = {
{-0.1654672,0.0045681,0.9862047},
{0.8660170,0.4791053,0.1430827},
{-0.4718423,0.8777456,-0.0832323}
};
cameraToBaseR51 = {
{-0.1770536,0.0035512,0.9841948},
{0.8580356,0.4903995,0.1525885},
{-0.4821068,0.8714905,-0.0898741}
};
cameraToBaseR52 = {
{-0.1825408,0.0050706,0.9831852},
{0.8567360,0.4914284,0.1565295},
{-0.4823715,0.8709032,-0.0940499}
};
cameraToBaseR53 = {
{-0.1871325,0.0055785,0.9823188},
{0.8559514,0.4915907,0.1602677},
{-0.4820047,0.8708085,-0.0967675}
};
cameraToBaseR54 = {
{-0.1889907,0.0086135,0.9819411},
{0.8561168,0.4912384,0.1604647},
{-0.4809850,0.8709826,-0.1002137}
};
cameraToBaseR55 = {
{-0.1910319,0.0121612,0.9815085},
{0.8575808,0.4885487,0.1608584},
{-0.4775585,0.8724519,-0.1037576}
};
cameraToBaseR56 = {
{-0.1926763,0.0162254,0.9811282},
{0.8593782,0.4854194,0.1607392},
{-0.4736506,0.8741308,-0.1074726}
};
cameraToBaseR57 = {
{-0.1936401,0.0197695,0.9808734},
{0.8620146,0.4808070,0.1604848},
{-0.4684381,0.8766036,-0.1101452}
};
cameraToBaseR58 = {
{-0.1942992,0.0248581,0.9806273},
{0.8647489,0.4762811,0.1592659},
{-0.4630952,0.8789416,-0.1140370}
};
cameraToBaseR59 = {
{-0.1948685,0.0279109,0.9804322},
{0.8675326,0.4712771,0.1590126},
{-0.4576171,0.8815435,-0.1160506}
};
cameraToBaseR60 = {
{-0.1953297,0.0324704,0.9802000},
{0.8699930,0.4670989,0.1578949},
{-0.4527234,0.8836087,-0.1194873}
};
cameraToBaseR61 = {
{-0.1952227,0.0339738,0.9801703},
{0.8721730,0.4630953,0.1576613},
{-0.4485559,0.8856571,-0.1200378}
};
cameraToBaseR62 = {
{-0.1963644,0.0380551,0.9797922},
{0.8747475,0.4582646,0.1575129},
{-0.4430100,0.8880008,-0.1232755}
};
cameraToBaseR63 = {
{-0.1975122,0.0411272,0.9794373},
{0.8765383,0.4547771,0.1576654},
{-0.4389413,0.8896552,-0.1258736}
};
cameraToBaseR64 = {
{-0.1982745,0.0437221,0.9791709},
{0.8788684,0.4501888,0.1578621},
{-0.4339097,0.8918623,-0.1276869}
};
cameraToBaseR65 = {
{-0.1993179,0.0472872,0.9787933},
{0.8811969,0.4455945,0.1579163},
{-0.4286775,0.8939851,-0.1304843}
};
cameraToBaseR66 = {
{-0.2008469,0.0508473,0.9783021},
{0.8833836,0.4410572,0.1584360},
{-0.4234311,0.8960375,-0.1335026}
};
cameraToBaseR67 = {
{-0.2006316,0.0534678,0.9782066},
{0.8861268,0.4357031,0.1579308},
{-0.4177634,0.8985010,-0.1347951}
};
cameraToBaseR68 = {
{-0.1996261,0.0560175,0.9782696},
{0.8889401,0.4303646,0.1567540},
{-0.4122317,0.9009153,-0.1357082}
};
cameraToBaseR69 = {
{-0.1991892,0.0601134,0.9781156},
{0.8919452,0.4245448,0.1555491},
{-0.4059033,0.9034091,-0.1381825}
};
cameraToBaseR70 = {
{-0.1958298,0.0625638,0.9786401},
{0.8951791,0.4188597,0.1523515},
{-0.4003812,0.9058931,-0.1380310}
};
cameraToBaseR71 = {
{-0.1946128,0.0660566,0.9786534},
{0.8980929,0.4131795,0.1507042},
{-0.3944045,0.9082506,-0.1397350}
};
cameraToBaseR72 = {
{-0.1960315,0.0695760,0.9781262},
{0.9000561,0.4086592,0.1513164},
{-0.3891923,0.9100312,-0.1427323}
};
cameraToBaseR73 = {
{-0.1961008,0.0716327,0.9779638},
{0.9025484,0.4030729,0.1514548},
{-0.3833417,0.9123601,-0.1436949}
};
cameraToBaseR74 = {
{-0.1978010,0.0757644,0.9773098},
{0.9040550,0.3994730,0.1520062},
{-0.3788922,0.9136088,-0.1475113}
};
cameraToBaseR75 = {
{-0.1977544,0.0787967,0.9770795},
{0.9060536,0.3951073,0.1515157},
{-0.3741123,0.9152493,-0.1495283}
};
cameraToBaseR76 = {
{-0.1992775,0.0813378,0.9765616},
{0.9077587,0.3907152,0.1526949},
{-0.3691376,0.9169110,-0.1516958}
};
cameraToBaseR77 = {
{-0.2012780,0.0843741,0.9758935},
{0.9087539,0.3879223,0.1538914},
{-0.3655864,0.9178220,-0.1547556}
};
cameraToBaseR78 = {
{-0.2014340,0.0869829,0.9756323},
{0.9101761,0.3846809,0.1536232},
{-0.3619445,0.9189421,-0.1566575}
};
cameraToBaseR79 = {
{-0.2038173,0.0899642,0.9748666},
{0.9112619,0.3814146,0.1553210},
{-0.3578550,0.9200159,-0.1597199}
};
cameraToBaseR80 = {
{-0.2051208,0.0941622,0.9741966},
{0.9124174,0.3785592,0.1555229},
{-0.3541467,0.9207749,-0.1635656}
};
cameraToBaseR81 = {
{-0.2058946,0.0953027,0.9739224},
{0.9131971,0.3763835,0.1562260},
{-0.3516795,0.9215492,-0.1645255}
};
cameraToBaseR82 = {
{-0.2080830,0.0989414,0.9730941},
{0.9139220,0.3741326,0.1573891},
{-0.3484939,0.9220821,-0.1682754}
};
cameraToBaseR83 = {
{-0.2090052,0.1014440,0.9726387},
{0.9148715,0.3716166,0.1578331},
{-0.3454375,0.9228273,-0.1704780}
};
cameraToBaseR84 = {
{-0.2111078,0.1040241,0.9719118},
{0.9150376,0.3706745,0.1590808},
{-0.3437146,0.9229190,-0.1734383}
};
cameraToBaseR85 = {
{-0.2112833,0.1056417,0.9716991},
{0.9155666,0.3694378,0.1589133},
{-0.3421945,0.9232311,-0.1747780}
};
cameraToBaseR86 = {
{-0.2143833,0.1071916,0.9708500},
{0.9153933,0.3687798,0.1614203},
{-0.3407269,0.9233155,-0.1771827}
};
cameraToBaseR87 = {
{-0.2172937,0.1099251,0.9698969},
{0.9156482,0.3672186,0.1635205},
{-0.3381891,0.9236163,-0.1804470}
};
cameraToBaseR88 = {
{-0.2192747,0.1129597,0.9691020},
{0.9157093,0.3666476,0.1644568},
{-0.3367419,0.9234769,-0.1838348}
};
cameraToBaseR89 = {
{-0.2206329,0.1151796,0.9685323},
{0.9159774,0.3656528,0.1651767},
{-0.3351216,0.9235971,-0.1861769}
};
cameraToBaseR90 = {
{-0.2230394,0.1161237,0.9678681},
{0.9160253,0.3645406,0.1673553},
{-0.3333933,0.9239185,-0.1876792}
};
cameraToBaseR91 = {
{-0.2241794,0.1182316,0.9673494},
{0.9157533,0.3651123,0.1675974},
{-0.3333758,0.9234253,-0.1901216}
};
cameraToBaseR92 = {
{-0.2272622,0.1202852,0.9663764},
{0.9155639,0.3645026,0.1699429},
{-0.3318051,0.9234010,-0.1929665}
};
cameraToBaseR93 = {
{-0.2289299,0.1208668,0.9659101},
{0.9151612,0.3649066,0.1712402},
{-0.3317697,0.9231654,-0.1941506}
};

Solver Summary (v 1.12.0-eigen-(3.2.92)-lapack-suitesparse-(4.4.6)-cxsparse-(3.1.4)-openmp)

                                     Original                  Reduced
Parameter blocks                            1                        1
Parameters                                 12                       12
Residual blocks                            94                       94
Residual                                  282                      282

Minimizer                        TRUST_REGION

Sparse linear algebra library    SUITE_SPARSE
Trust region strategy     LEVENBERG_MARQUARDT

                                        Given                     Used
Linear solver          SPARSE_NORMAL_CHOLESKY   SPARSE_NORMAL_CHOLESKY
Threads                                     1                        1
Linear solver threads                       1                        1
Linear solver ordering              AUTOMATIC                        1

Cost:
Initial                          1.818379e+01
Final                            1.634083e-02
Change                           1.816745e+01

Minimizer iterations                      112
Successful steps                          109
Unsuccessful steps                          3
Line search steps                          14

Time (in seconds):
Preprocessor                           0.0001

  Residual evaluation                  0.1918
    Line search cost evaluation        0.0000
  Jacobian evaluation                 44.1244
    Line search gradient evaluation    23.4028
  Linear solver                        0.0130
  Line search polynomial minimization  0.0001
Minimizer                             44.3342

Postprocessor                          0.0000
Total                                 44.3344

Termination:                      CONVERGENCE (Function tolerance reached. |cost_change|/cost: 0.000000e+00 <= 1.000000e-20)

JinDegreeElb0 = {
{41.4420168,-98.8206285,0.0000122,0.0000000,0.0000000,0.0000000,0.0000000},
{41.4255206,-98.3618751,0.0000122,0.0000000,0.0000000,0.0000000,0.0000000},
{41.3760031,-97.8779951,0.0000122,0.0000000,0.0000000,0.0000000,0.0000000},
{41.2941620,-97.3697994,0.0000123,0.0000000,0.0000000,0.0000000,0.0000000},
{41.1806946,-96.8380991,0.0000123,0.0000000,0.0000000,0.0000000,0.0000000},
{41.0362985,-96.2837049,0.0000123,0.0000000,0.0000000,0.0000000,0.0000000},
{40.8616711,-95.7074278,0.0000123,0.0000000,0.0000000,0.0000000,0.0000000},
{40.6575099,-95.1100786,0.0000124,0.0000000,0.0000000,0.0000000,0.0000000},
{40.4245124,-94.4924682,0.0000124,0.0000000,0.0000000,0.0000000,0.0000000},
{40.1633760,-93.8554077,0.0000124,0.0000000,0.0000000,0.0000000,0.0000000},
{39.8747982,-93.1997077,0.0000124,0.0000000,0.0000000,0.0000000,0.0000000},
{39.5594766,-92.5261794,0.0000124,0.0000000,0.0000000,0.0000000,0.0000000},
{39.2181086,-91.8356334,0.0000124,0.0000000,0.0000000,0.0000000,0.0000000},
{38.8513916,-91.1288808,0.0000124,0.0000000,0.0000000,0.0000000,0.0000000},
{38.4600231,-90.4067325,0.0000124,0.0000000,0.0000000,0.0000000,0.0000000},
{38.0447007,-89.6699992,0.0000124,0.0000000,0.0000000,0.0000000,0.0000000},
{37.6061217,-88.9194921,0.0000124,0.0000000,0.0000000,0.0000000,0.0000000},
{37.1449838,-88.1560218,0.0000124,0.0000000,0.0000000,0.0000000,0.0000000},
{36.6619842,-87.3803994,0.0000124,0.0000000,0.0000000,0.0000000,0.0000000},
{36.1578206,-86.5934357,0.0000124,0.0000000,0.0000000,0.0000000,0.0000000},
{35.6331904,-85.7959416,0.0000124,0.0000000,0.0000000,0.0000000,0.0000000},
{35.0887910,-84.9887280,0.0000123,0.0000000,0.0000000,0.0000000,0.0000000},
{34.5253200,-84.1726059,0.0000123,0.0000000,0.0000000,0.0000000,0.0000000},
{33.9434748,-83.3483860,0.0000123,0.0000000,0.0000000,0.0000000,0.0000000},
{33.3439529,-82.5168794,0.0000123,0.0000000,0.0000000,0.0000000,0.0000000},
{32.7274518,-81.6788969,0.0000122,0.0000000,0.0000000,0.0000000,0.0000000},
{32.0946690,-80.8352494,0.0000122,0.0000000,0.0000000,0.0000000,0.0000000},
{31.4463019,-79.9867478,0.0000121,0.0000000,0.0000000,0.0000000,0.0000000},
{30.7830480,-79.1342031,0.0000121,0.0000000,0.0000000,0.0000000,0.0000000},
{30.1056047,-78.2784260,0.0000120,0.0000000,0.0000000,0.0000000,0.0000000},
{29.4146697,-77.4202275,0.0000119,0.0000000,0.0000000,0.0000000,0.0000000},
{28.7109402,-76.5604185,0.0000119,0.0000000,0.0000000,0.0000000,0.0000000},
{27.9951139,-75.6998099,0.0000118,0.0000000,0.0000000,0.0000000,0.0000000},
{27.2678882,-74.8392126,0.0000117,0.0000000,0.0000000,0.0000000,0.0000000},
{26.5299605,-73.9794374,0.0000116,0.0000000,0.0000000,0.0000000,0.0000000},
{25.7820284,-73.1212954,0.0000116,0.0000000,0.0000000,0.0000000,0.0000000},
{25.0247892,-72.2655973,0.0000115,0.0000000,0.0000000,0.0000000,0.0000000},
{24.2589406,-71.4131542,0.0000114,0.0000000,0.0000000,0.0000000,0.0000000},
{23.4851800,-70.5647768,0.0000113,0.0000000,0.0000000,0.0000000,0.0000000},
{22.7042048,-69.7212760,0.0000111,0.0000000,0.0000000,0.0000000,0.0000000},
{21.9167125,-68.8834629,0.0000110,0.0000000,0.0000000,0.0000000,0.0000000},
{21.1234006,-68.0521482,0.0000109,0.0000000,0.0000000,0.0000000,0.0000000},
{20.3249666,-67.2281429,0.0000108,0.0000000,0.0000000,0.0000000,0.0000000},
{19.5221080,-66.4122578,0.0000106,0.0000000,0.0000000,0.0000000,0.0000000},
{18.7155222,-65.6053039,0.0000105,0.0000000,0.0000000,0.0000000,0.0000000},
{17.9059067,-64.8080921,0.0000103,0.0000000,0.0000000,0.0000000,0.0000000},
{17.0939589,-64.0214332,0.0000102,0.0000000,0.0000000,0.0000000,0.0000000},
{16.2803765,-63.2461382,0.0000100,0.0000000,0.0000000,0.0000000,0.0000000},
{15.4658567,-62.4830179,0.0000098,0.0000000,0.0000000,0.0000000,0.0000000},
{14.6510972,-61.7328833,0.0000097,0.0000000,0.0000000,0.0000000,0.0000000},
{13.8367954,-60.9965453,0.0000095,0.0000000,0.0000000,0.0000000,0.0000000},
{13.0236487,-60.2748146,0.0000093,0.0000000,0.0000000,0.0000000,0.0000000},
{12.2123547,-59.5685023,0.0000091,0.0000000,0.0000000,0.0000000,0.0000000},
{11.4036107,-58.8784193,0.0000089,0.0000000,0.0000000,0.0000000,0.0000000},
{10.5981144,-58.2053764,0.0000087,0.0000000,0.0000000,0.0000000,0.0000000},
{9.7965632,-57.5501845,0.0000084,0.0000000,0.0000000,0.0000000,0.0000000},
{8.9996545,-56.9136546,0.0000082,0.0000000,0.0000000,0.0000000,0.0000000},
{8.2080858,-56.2965974,0.0000080,0.0000000,0.0000000,0.0000000,0.0000000},
{7.4225546,-55.6998240,0.0000077,0.0000000,0.0000000,0.0000000,0.0000000},
{6.6437584,-55.1241453,0.0000075,0.0000000,0.0000000,0.0000000,0.0000000},
{5.8723946,-54.5703720,0.0000072,0.0000000,0.0000000,0.0000000,0.0000000},
{5.1091608,-54.0393152,0.0000069,0.0000000,0.0000000,0.0000000,0.0000000},
{4.3547544,-53.5317857,0.0000066,0.0000000,0.0000000,0.0000000,0.0000000},
{3.6098729,-53.0485944,0.0000064,0.0000000,0.0000000,0.0000000,0.0000000},
{2.8752137,-52.5905522,0.0000061,0.0000000,0.0000000,0.0000000,0.0000000},
{2.1514743,-52.1584700,0.0000058,0.0000000,0.0000000,0.0000000,0.0000000},
{1.4393523,-51.7531588,0.0000054,0.0000000,0.0000000,0.0000000,0.0000000},
{0.7395450,-51.3754293,0.0000051,0.0000000,0.0000000,0.0000000,0.0000000},
{0.0527500,-51.0260925,0.0000048,0.0000000,0.0000000,0.0000000,0.0000000},
{-0.6203352,-50.7059594,0.0000044,0.0000000,0.0000000,0.0000000,0.0000000},
{-1.2790132,-50.4158407,0.0000041,0.0000000,0.0000000,0.0000000,0.0000000},
{-1.9225866,-50.1565474,0.0000037,0.0000000,0.0000000,0.0000000,0.0000000},
{-2.5503577,-49.9288904,0.0000033,0.0000000,0.0000000,0.0000000,0.0000000},
{-3.1616293,-49.7336806,0.0000030,0.0000000,0.0000000,0.0000000,0.0000000},
{-3.7557037,-49.5717289,0.0000026,0.0000000,0.0000000,0.0000000,0.0000000},
{-4.3318835,-49.4438462,0.0000022,0.0000000,0.0000000,0.0000000,0.0000000},
{-4.8894712,-49.3508433,0.0000018,0.0000000,0.0000000,0.0000000,0.0000000},
{-5.4277694,-49.2935313,0.0000013,0.0000000,0.0000000,0.0000000,0.0000000},
{-5.9460805,-49.2727209,0.0000009,0.0000000,0.0000000,0.0000000,0.0000000},
{-6.4437072,-49.2892230,0.0000005,0.0000000,0.0000000,0.0000000,0.0000000},
{-6.9199518,-49.3438487,-0.0000000,0.0000000,0.0000000,0.0000000,0.0000000},
{-7.3741170,-49.4374087,-0.0000005,0.0000000,0.0000000,0.0000000,0.0000000},
{-7.8055053,-49.5707140,-0.0000009,0.0000000,0.0000000,0.0000000,0.0000000},
{-8.2134192,-49.7445754,-0.0000014,0.0000000,0.0000000,0.0000000,0.0000000},
{-8.5971611,-49.9598039,-0.0000019,0.0000000,0.0000000,0.0000000,0.0000000},
{-8.9560338,-50.2172104,-0.0000024,0.0000000,0.0000000,0.0000000,0.0000000},
{-9.2893395,-50.5176057,-0.0000030,0.0000000,0.0000000,0.0000000,0.0000000},
{-9.5963810,-50.8618007,-0.0000035,0.0000000,0.0000000,0.0000000,0.0000000},
{-9.8764607,-51.2506065,-0.0000040,0.0000000,0.0000000,0.0000000,0.0000000},
{-10.1288811,-51.6848337,-0.0000046,0.0000000,0.0000000,0.0000000,0.0000000},
{-10.3529447,-52.1652934,-0.0000052,0.0000000,0.0000000,0.0000000,0.0000000},
{-10.5479542,-52.6927965,-0.0000057,0.0000000,0.0000000,0.0000000,0.0000000},
{-10.7132119,-53.2681538,-0.0000063,0.0000000,0.0000000,0.0000000,0.0000000},
{-10.8480204,-53.8921762,-0.0000069,0.0000000,0.0000000,0.0000000,0.0000000}
};

Solver Summary (v 1.12.0-eigen-(3.2.92)-lapack-suitesparse-(4.4.6)-cxsparse-(3.1.4)-openmp)

                                     Original                  Reduced
Parameter blocks                            1                        1
Parameters                                 12                       12
Residual blocks                            94                       94
Residual                                  282                      282

Minimizer                        TRUST_REGION

Sparse linear algebra library    SUITE_SPARSE
Trust region strategy     LEVENBERG_MARQUARDT

                                        Given                     Used
Linear solver          SPARSE_NORMAL_CHOLESKY   SPARSE_NORMAL_CHOLESKY
Threads                                     1                        1
Linear solver threads                       1                        1
Linear solver ordering              AUTOMATIC                        1

Cost:
Initial                          2.448786e+00
Final                            1.375540e-01
Change                           2.311232e+00

Minimizer iterations                       86
Successful steps                           81
Unsuccessful steps                          5
Line search steps                         101

Time (in seconds):
Preprocessor                           0.0001

  Residual evaluation                  0.2495
    Line search cost evaluation        0.0000
  Jacobian evaluation                 73.8157
    Line search gradient evaluation    51.1801
  Linear solver                        0.0108
  Line search polynomial minimization  0.0013
Minimizer                             74.0820

Postprocessor                          0.0000
Total                                 74.0821

Termination:                      CONVERGENCE (Function tolerance reached. |cost_change|/cost: 0.000000e+00 <= 1.000000e-20)

JinDegreeElb0 = {
{41.4420168,-98.8206285,19.7075915,-51.5662016,0.0000000,0.0000000,0.0000000},
{41.4255206,-98.3618751,20.0492327,-52.1113496,0.0000000,0.0000000,0.0000000},
{41.3760031,-97.8779951,20.4261800,-52.6497264,0.0000000,0.0000000,0.0000000},
{41.2941620,-97.3697994,20.8374272,-53.1814609,0.0000000,0.0000000,0.0000000},
{41.1806946,-96.8380991,21.2819681,-53.7066821,0.0000000,0.0000000,0.0000000},
{41.0362985,-96.2837049,21.7587965,-54.2255190,0.0000000,0.0000000,0.0000000},
{40.8616711,-95.7074278,22.2669059,-54.7381004,0.0000000,0.0000000,0.0000000},
{40.6575099,-95.1100786,22.8052904,-55.2445553,0.0000000,0.0000000,0.0000000},
{40.4245124,-94.4924682,23.3729435,-55.7450127,0.0000000,0.0000000,0.0000000},
{40.1633760,-93.8554077,23.9688590,-56.2396015,0.0000000,0.0000000,0.0000000},
{39.8747982,-93.1997077,24.5920307,-56.7284506,0.0000000,0.0000000,0.0000000},
{39.5594766,-92.5261794,25.2414524,-57.2116891,0.0000000,0.0000000,0.0000000},
{39.2181086,-91.8356334,25.9161178,-57.6894458,0.0000000,0.0000000,0.0000000},
{38.8513916,-91.1288808,26.6150206,-58.1618496,0.0000000,0.0000000,0.0000000},
{38.4600231,-90.4067325,27.3371546,-58.6290296,0.0000000,0.0000000,0.0000000},
{38.0447007,-89.6699992,28.0815136,-59.0911147,0.0000000,0.0000000,0.0000000},
{37.6061217,-88.9194921,28.8470913,-59.5482339,0.0000000,0.0000000,0.0000000},
{37.1449838,-88.1560218,29.6328815,-60.0005160,0.0000000,0.0000000,0.0000000},
{36.6619842,-87.3803994,30.4378779,-60.4480900,0.0000000,0.0000000,0.0000000},
{36.1578206,-86.5934357,31.2610743,-60.8910849,0.0000000,0.0000000,0.0000000},
{35.6331904,-85.7959416,32.1014645,-61.3296296,0.0000000,0.0000000,0.0000000},
{35.0887910,-84.9887280,32.9580421,-61.7638530,0.0000000,0.0000000,0.0000000},
{34.5253200,-84.1726059,33.8298010,-62.1938842,0.0000000,0.0000000,0.0000000},
{33.9434748,-83.3483860,34.7157348,-62.6198520,0.0000000,0.0000000,0.0000000},
{33.3439529,-82.5168794,35.6148375,-63.0418854,0.0000000,0.0000000,0.0000000},
{32.7274518,-81.6788969,36.5261026,-63.4601134,0.0000000,0.0000000,0.0000000},
{32.0946690,-80.8352494,37.4485240,-63.8746648,0.0000000,0.0000000,0.0000000},
{31.4463019,-79.9867478,38.3810954,-64.2856687,0.0000000,0.0000000,0.0000000},
{30.7830480,-79.1342031,39.3228106,-64.6932540,0.0000000,0.0000000,0.0000000},
{30.1056047,-78.2784260,40.2726633,-65.0975496,0.0000000,0.0000000,0.0000000},
{29.4146697,-77.4202275,41.2296474,-65.4986844,0.0000000,0.0000000,0.0000000},
{28.7109402,-76.5604185,42.1927564,-65.8967875,0.0000000,0.0000000,0.0000000},
{27.9951139,-75.6998099,43.1609842,-66.2919878,0.0000000,0.0000000,0.0000000},
{27.2678882,-74.8392126,44.1333246,-66.6844141,0.0000000,0.0000000,0.0000000},
{26.5299605,-73.9794374,45.1087713,-67.0741955,0.0000000,0.0000000,0.0000000},
{25.7820284,-73.1212954,46.0863180,-67.4614609,0.0000000,0.0000000,0.0000000},
{25.0247892,-72.2655973,47.0649586,-67.8463393,0.0000000,0.0000000,0.0000000},
{24.2589406,-71.4131542,48.0436867,-68.2289596,0.0000000,0.0000000,0.0000000},
{23.4851800,-70.5647768,49.0214961,-68.6094507,0.0000000,0.0000000,0.0000000},
{22.7042048,-69.7212760,49.9973806,-68.9879415,0.0000000,0.0000000,0.0000000},
{21.9167125,-68.8834629,50.9703339,-69.3645612,0.0000000,0.0000000,0.0000000},
{21.1234006,-68.0521482,51.9393499,-69.7394385,0.0000000,0.0000000,0.0000000},
{20.3249666,-67.2281429,52.9034221,-70.1127024,0.0000000,0.0000000,0.0000000},
{19.5221080,-66.4122578,53.8615445,-70.4844819,0.0000000,0.0000000,0.0000000},
{18.7155222,-65.6053039,54.8127106,-70.8549059,0.0000000,0.0000000,0.0000000},
{17.9059067,-64.8080921,55.7559144,-71.2241034,0.0000000,0.0000000,0.0000000},
{17.0939589,-64.0214332,56.6901496,-71.5922033,0.0000000,0.0000000,0.0000000},
{16.2803765,-63.2461382,57.6144098,-71.9593345,0.0000000,0.0000000,0.0000000},
{15.4658567,-62.4830179,58.5276890,-72.3256260,0.0000000,0.0000000,0.0000000},
{14.6510972,-61.7328833,59.4289807,-72.6912068,0.0000000,0.0000000,0.0000000},
{13.8367954,-60.9965453,60.3172788,-73.0562058,0.0000000,0.0000000,0.0000000},
{13.0236487,-60.2748146,61.1915771,-73.4207519,0.0000000,0.0000000,0.0000000},
{12.2123547,-59.5685023,62.0508692,-73.7849741,0.0000000,0.0000000,0.0000000},
{11.4036107,-58.8784193,62.8941490,-74.1490014,0.0000000,0.0000000,0.0000000},
{10.5981144,-58.2053764,63.7204101,-74.5129626,0.0000000,0.0000000,0.0000000},
{9.7965632,-57.5501845,64.5286464,-74.8769867,0.0000000,0.0000000,0.0000000},
{8.9996545,-56.9136546,65.3178516,-75.2412027,0.0000000,0.0000000,0.0000000},
{8.2080858,-56.2965974,66.0870195,-75.6057395,0.0000000,0.0000000,0.0000000},
{7.4225546,-55.6998240,66.8351438,-75.9707261,0.0000000,0.0000000,0.0000000},
{6.6437584,-55.1241453,67.5612182,-76.3362914,0.0000000,0.0000000,0.0000000},
{5.8723946,-54.5703720,68.2642366,-76.7025643,0.0000000,0.0000000,0.0000000},
{5.1091608,-54.0393152,68.9431926,-77.0696739,0.0000000,0.0000000,0.0000000},
{4.3547544,-53.5317857,69.5970800,-77.4377490,0.0000000,0.0000000,0.0000000},
{3.6098729,-53.0485944,70.2248927,-77.8069185,0.0000000,0.0000000,0.0000000},
{2.8752137,-52.5905522,70.8256243,-78.1773115,0.0000000,0.0000000,0.0000000},
{2.1514743,-52.1584700,71.3982685,-78.5490569,0.0000000,0.0000000,0.0000000},
{1.4393523,-51.7531588,71.9418193,-78.9222837,0.0000000,0.0000000,0.0000000},
{0.7395450,-51.3754293,72.4552702,-79.2971207,0.0000000,0.0000000,0.0000000},
{0.0527500,-51.0260925,72.9376151,-79.6736969,0.0000000,0.0000000,0.0000000},
{-0.6203352,-50.7059594,73.3878477,-80.0521413,0.0000000,0.0000000,0.0000000},
{-1.2790132,-50.4158407,73.8049617,-80.4325828,0.0000000,0.0000000,0.0000000},
{-1.9225866,-50.1565474,74.1879510,-80.8151503,0.0000000,0.0000000,0.0000000},
{-2.5503577,-49.9288904,74.5358092,-81.1999729,0.0000000,0.0000000,0.0000000},
{-3.1616293,-49.7336806,74.8475302,-81.5871794,0.0000000,0.0000000,0.0000000},
{-3.7557037,-49.5717289,75.1221077,-81.9768988,0.0000000,0.0000000,0.0000000},
{-4.3318835,-49.4438462,75.3585354,-82.3692601,0.0000000,0.0000000,0.0000000},
{-4.8894712,-49.3508433,75.5558071,-82.7643921,0.0000000,0.0000000,0.0000000},
{-5.4277694,-49.2935313,75.7129165,-83.1624239,0.0000000,0.0000000,0.0000000},
{-5.9460805,-49.2727209,75.8288575,-83.5634843,0.0000000,0.0000000,0.0000000},
{-6.4437072,-49.2892230,75.9026237,-83.9677024,0.0000000,0.0000000,0.0000000},
{-6.9199518,-49.3438487,75.9332089,-84.3752071,0.0000000,0.0000000,0.0000000},
{-7.3741170,-49.4374087,75.9196069,-84.7861273,0.0000000,0.0000000,0.0000000},
{-7.8055053,-49.5707140,75.8608113,-85.2005919,0.0000000,0.0000000,0.0000000},
{-8.2134192,-49.7445754,75.7558161,-85.6187300,0.0000000,0.0000000,0.0000000},
{-8.5971611,-49.9598039,75.6036149,-86.0406704,0.0000000,0.0000000,0.0000000},
{-8.9560338,-50.2172104,75.4032015,-86.4665421,0.0000000,0.0000000,0.0000000},
{-9.2893395,-50.5176057,75.1535696,-86.8964741,0.0000000,0.0000000,0.0000000},
{-9.5963810,-50.8618007,74.8537131,-87.3305952,0.0000000,0.0000000,0.0000000},
{-9.8764607,-51.2506065,74.5026255,-87.7690345,0.0000000,0.0000000,0.0000000},
{-10.1288811,-51.6848337,74.0993008,-88.2119209,0.0000000,0.0000000,0.0000000},
{-10.3529447,-52.1652934,73.6427326,-88.6593833,0.0000000,0.0000000,0.0000000},
{-10.5479542,-52.6927965,73.1319147,-89.1115507,0.0000000,0.0000000,0.0000000},
{-10.7132119,-53.2681538,72.5658409,-89.5685520,0.0000000,0.0000000,0.0000000},
{-10.8480204,-53.8921762,71.9435050,-90.0305162,0.0000000,0.0000000,0.0000000}
};

Solver Summary (v 1.12.0-eigen-(3.2.92)-lapack-suitesparse-(4.4.6)-cxsparse-(3.1.4)-openmp)

                                     Original                  Reduced
Parameter blocks                            1                        1
Parameters                                 12                       12
Residual blocks                            94                       94
Residual                                  282                      282

Minimizer                        TRUST_REGION

Sparse linear algebra library    SUITE_SPARSE
Trust region strategy     LEVENBERG_MARQUARDT

                                        Given                     Used
Linear solver          SPARSE_NORMAL_CHOLESKY   SPARSE_NORMAL_CHOLESKY
Threads                                     1                        1
Linear solver threads                       1                        1
Linear solver ordering              AUTOMATIC                        1

Cost:
Initial                          1.171811e+00
Final                            5.367488e-01
Change                           6.350623e-01

Minimizer iterations                       72
Successful steps                           64
Unsuccessful steps                          8
Line search steps                          64

Time (in seconds):
Preprocessor                           0.0001

  Residual evaluation                  0.2560
    Line search cost evaluation        0.0000
  Jacobian evaluation                 63.9786
    Line search gradient evaluation    42.7890
  Linear solver                        0.0089
  Line search polynomial minimization  0.0008
Minimizer                             64.2478

Postprocessor                          0.0000
Total                                 64.2479

Termination:                      CONVERGENCE (Function tolerance reached. |cost_change|/cost: 0.000000e+00 <= 1.000000e-20)

elErrMEAN = 0.0550088
laErrMEAN = 0.0524915
wErrMEAN = 0.1364667
thErrMEAN = 0.1025763
 *) 
elErr0 = {
{0.0420943},
{0.0395480},
{0.0385159},
{0.0371001},
{0.0362495},
{0.0361695},
{0.0368013},
{0.0381921},
{0.0402189},
{0.0427448},
{0.0450645},
{0.0472518},
{0.0486140},
{0.0509410},
{0.0527098},
{0.0553479},
{0.0557687},
{0.0574204},
{0.0584060},
{0.0590817},
{0.0593628},
{0.0599052},
{0.0594781},
{0.0590939},
{0.0578922},
{0.0578629},
{0.0556306},
{0.0541421},
{0.0532368},
{0.0552113},
{0.0570126},
{0.0579739},
{0.0580345},
{0.0589400},
{0.0588824},
{0.0589929},
{0.0590650},
{0.0579163},
{0.0576837},
{0.0568993},
{0.0562248},
{0.0552947},
{0.0549845},
{0.0540984},
{0.0537949},
{0.0534595},
{0.0533067},
{0.0535149},
{0.0540156},
{0.0541297},
{0.0542182},
{0.0544504},
{0.0548212},
{0.0548578},
{0.0540009},
{0.0536740},
{0.0532236},
{0.0529200},
{0.0524225},
{0.0518400},
{0.0511996},
{0.0503270},
{0.0498547},
{0.0492292},
{0.0489268},
{0.0488561},
{0.0489866},
{0.0493772},
{0.0497777},
{0.0505624},
{0.0512408},
{0.0522409},
{0.0533836},
{0.0550790},
{0.0560766},
{0.0573920},
{0.0592692},
{0.0597172},
{0.0608560},
{0.0619777},
{0.0622694},
{0.0631799},
{0.0634571},
{0.0646062},
{0.0647825},
{0.0649974},
{0.0657606},
{0.0675554},
{0.0682279},
{0.0700167},
{0.0721824},
{0.0738344},
{0.0762563},
{0.0786581}
};
laErr0 = {
{0.0413558},
{0.0393157},
{0.0379156},
{0.0371410},
{0.0367277},
{0.0377890},
{0.0393622},
{0.0419771},
{0.0455550},
{0.0493457},
{0.0525339},
{0.0553777},
{0.0568832},
{0.0601239},
{0.0624597},
{0.0662332},
{0.0664832},
{0.0688951},
{0.0703013},
{0.0712599},
{0.0717810},
{0.0728034},
{0.0725935},
{0.0723718},
{0.0709167},
{0.0710787},
{0.0681250},
{0.0657216},
{0.0650807},
{0.0676525},
{0.0694943},
{0.0704815},
{0.0702789},
{0.0708607},
{0.0702211},
{0.0697740},
{0.0695154},
{0.0677042},
{0.0668288},
{0.0654079},
{0.0639409},
{0.0623429},
{0.0610945},
{0.0592280},
{0.0578525},
{0.0564054},
{0.0550996},
{0.0544016},
{0.0541380},
{0.0537781},
{0.0536171},
{0.0544577},
{0.0549015},
{0.0548611},
{0.0535319},
{0.0526083},
{0.0513118},
{0.0500438},
{0.0484423},
{0.0466106},
{0.0447607},
{0.0423126},
{0.0404010},
{0.0383953},
{0.0364886},
{0.0347409},
{0.0334581},
{0.0323698},
{0.0312922},
{0.0310796},
{0.0307235},
{0.0312197},
{0.0320857},
{0.0338965},
{0.0346271},
{0.0360143},
{0.0380657},
{0.0384300},
{0.0396064},
{0.0407376},
{0.0408294},
{0.0418142},
{0.0420391},
{0.0434155},
{0.0435969},
{0.0440370},
{0.0451500},
{0.0477447},
{0.0488245},
{0.0518027},
{0.0547959},
{0.0579882},
{0.0616095},
{0.0654498}
};
wErr0 = {
{0.0996096},
{0.1004603},
{0.0995440},
{0.1010647},
{0.1035652},
{0.1056538},
{0.1093939},
{0.1133810},
{0.1177585},
{0.1226651},
{0.1266093},
{0.1305619},
{0.1332239},
{0.1374950},
{0.1411682},
{0.1463817},
{0.1484515},
{0.1527324},
{0.1562992},
{0.1595898},
{0.1622899},
{0.1658499},
{0.1684912},
{0.1705911},
{0.1716064},
{0.1738555},
{0.1733102},
{0.1727073},
{0.1749734},
{0.1780699},
{0.1798102},
{0.1812342},
{0.1816915},
{0.1821784},
{0.1815428},
{0.1811482},
{0.1811549},
{0.1799402},
{0.1790674},
{0.1779768},
{0.1766493},
{0.1754443},
{0.1738286},
{0.1718659},
{0.1691429},
{0.1666441},
{0.1635880},
{0.1600886},
{0.1570723},
{0.1536974},
{0.1501704},
{0.1459673},
{0.1435685},
{0.1415842},
{0.1391782},
{0.1369373},
{0.1348284},
{0.1332233},
{0.1313789},
{0.1301429},
{0.1285706},
{0.1277399},
{0.1265471},
{0.1255697},
{0.1250851},
{0.1243032},
{0.1237037},
{0.1235714},
{0.1237716},
{0.1235800},
{0.1242378},
{0.1244801},
{0.1242474},
{0.1248430},
{0.1238219},
{0.1236188},
{0.1231698},
{0.1214189},
{0.1202144},
{0.1183958},
{0.1156275},
{0.1138034},
{0.1104799},
{0.1078705},
{0.1039721},
{0.1001960},
{0.0955515},
{0.0911088},
{0.0852846},
{0.0803326},
{0.0745451},
{0.0688662},
{0.0627880},
{0.0584573}
};
thErr0 = {
{0.0563963},
{0.0570818},
{0.0560790},
{0.0578880},
{0.0605620},
{0.0638859},
{0.0685561},
{0.0739009},
{0.0798840},
{0.0859858},
{0.0912508},
{0.0962699},
{0.0991320},
{0.1041820},
{0.1081014},
{0.1140829},
{0.1161171},
{0.1206501},
{0.1242565},
{0.1276376},
{0.1300836},
{0.1336090},
{0.1359225},
{0.1378871},
{0.1386026},
{0.1408402},
{0.1396041},
{0.1385697},
{0.1404255},
{0.1441016},
{0.1464899},
{0.1482966},
{0.1487623},
{0.1495512},
{0.1488940},
{0.1484754},
{0.1484276},
{0.1466987},
{0.1456873},
{0.1441620},
{0.1424212},
{0.1408094},
{0.1388211},
{0.1365667},
{0.1336377},
{0.1309095},
{0.1276167},
{0.1242848},
{0.1216463},
{0.1186691},
{0.1155027},
{0.1125067},
{0.1107723},
{0.1093052},
{0.1066956},
{0.1044755},
{0.1021987},
{0.1003685},
{0.0980448},
{0.0963764},
{0.0942101},
{0.0926822},
{0.0909910},
{0.0894109},
{0.0884352},
{0.0872811},
{0.0867957},
{0.0860307},
{0.0855587},
{0.0852729},
{0.0852015},
{0.0853537},
{0.0853807},
{0.0862415},
{0.0856133},
{0.0856135},
{0.0858017},
{0.0844653},
{0.0836387},
{0.0826444},
{0.0803835},
{0.0791056},
{0.0764699},
{0.0749876},
{0.0719890},
{0.0692655},
{0.0663901},
{0.0643894},
{0.0609248},
{0.0590729},
{0.0568868},
{0.0545151},
{0.0517460},
{0.0508050}
};
inPtsRW0 = {
{0.6694000,0.3710000,0.2589000},
{0.6695000,0.3709000,0.2578000},
{0.6697000,0.3710000,0.2568000},
{0.6697000,0.3713000,0.2558000},
{0.6697000,0.3717000,0.2549000},
{0.6697000,0.3723000,0.2541000},
{0.6696000,0.3732000,0.2533000},
{0.6693000,0.3743000,0.2525000},
{0.6688000,0.3756000,0.2518000},
{0.6681000,0.3771000,0.2513000},
{0.6672000,0.3789000,0.2511000},
{0.6661000,0.3809000,0.2511000},
{0.6647000,0.3831000,0.2516000},
{0.6631000,0.3855000,0.2522000},
{0.6614000,0.3883000,0.2532000},
{0.6594000,0.3915000,0.2542000},
{0.6573000,0.3949000,0.2555000},
{0.6550000,0.3987000,0.2568000},
{0.6524000,0.4029000,0.2583000},
{0.6495000,0.4074000,0.2597000},
{0.6470000,0.4124000,0.2608000},
{0.6440000,0.4175000,0.2621000},
{0.6410000,0.4228000,0.2634000},
{0.6378000,0.4283000,0.2646000},
{0.6344000,0.4342000,0.2656000},
{0.6308000,0.4403000,0.2663000},
{0.6270000,0.4467000,0.2669000},
{0.6231000,0.4533000,0.2672000},
{0.6189000,0.4602000,0.2673000},
{0.6146000,0.4672000,0.2672000},
{0.6101000,0.4743000,0.2670000},
{0.6053000,0.4812000,0.2665000},
{0.6005000,0.4888000,0.2659000},
{0.5956000,0.4964000,0.2652000},
{0.5906000,0.5042000,0.2643000},
{0.5856000,0.5121000,0.2633000},
{0.5805000,0.5202000,0.2623000},
{0.5755000,0.5284000,0.2611000},
{0.5705000,0.5368000,0.2598000},
{0.5655000,0.5452000,0.2586000},
{0.5606000,0.5537000,0.2572000},
{0.5559000,0.5623000,0.2558000},
{0.5513000,0.5710000,0.2545000},
{0.5467000,0.5798000,0.2532000},
{0.5426000,0.5887000,0.2515000},
{0.5386000,0.5976000,0.2502000},
{0.5349000,0.6063000,0.2487000},
{0.5315000,0.6150000,0.2470000},
{0.5283000,0.6238000,0.2455000},
{0.5255000,0.6326000,0.2439000},
{0.5230000,0.6411000,0.2422000},
{0.5209000,0.6497000,0.2406000},
{0.5192000,0.6580000,0.2388000},
{0.5178000,0.6662000,0.2370000},
{0.5168000,0.6742000,0.2353000},
{0.5162000,0.6819000,0.2333000},
{0.5158000,0.6894000,0.2314000},
{0.5158000,0.6966000,0.2294000},
{0.5161000,0.7036000,0.2275000},
{0.5167000,0.7102000,0.2255000},
{0.5176000,0.7166000,0.2235000},
{0.5187000,0.7226000,0.2215000},
{0.5201000,0.7283000,0.2193000},
{0.5216000,0.7337000,0.2172000},
{0.5234000,0.7387000,0.2150000},
{0.5253000,0.7435000,0.2127000},
{0.5274000,0.7479000,0.2103000},
{0.5295000,0.7520000,0.2078000},
{0.5318000,0.7558000,0.2053000},
{0.5341000,0.7594000,0.2026000},
{0.5365000,0.7626000,0.1999000},
{0.5389000,0.7657000,0.1971000},
{0.5412000,0.7685000,0.1943000},
{0.5436000,0.7711000,0.1912000},
{0.5459000,0.7734000,0.1880000},
{0.5482000,0.7756000,0.1848000},
{0.5504000,0.7776000,0.1814000},
{0.5525000,0.7795000,0.1779000},
{0.5546000,0.7813000,0.1743000},
