(* /home/sara/Dropbox/Reaching Study/Gilwoo_Automated_v2/csv_only_manual_inspection/2016_12_14_study_4_Part12_1/2016_12_14_study_4_Part12_1_34559_34796_clean_phase1.csv
shoToElMeanLH: 0.297461
elToWrMeanLH: 0.275901
shoToElMeanLH / elToWrMeanLH: 1.07815
shoToElMeanLWam: 0.55
elToWrMeanLWam: 0.36
shoToElMeanLWam / elToWrMeanLWam: 1.52778
cameraToBaseR0 = {
{-0.0129711,-0.1561160,0.9876536},
{0.7315479,0.6718822,0.1158103},
{-0.6816667,0.7240181,0.1054913}
};
cameraToBaseR1 = {
{-0.0143171,-0.1574880,0.9874171},
{0.7321355,0.6709262,0.1176249},
{-0.6810085,0.7246072,0.1056968}
};
cameraToBaseR2 = {
{-0.0193720,-0.1563596,0.9875102},
{0.7310267,0.6715926,0.1206787},
{-0.6820738,0.7242341,0.1012930}
};
cameraToBaseR3 = {
{-0.0235030,-0.1553042,0.9875871},
{0.7331167,0.6689532,0.1226440},
{-0.6796966,0.7268991,0.0981337}
};
cameraToBaseR4 = {
{-0.0262517,-0.1529045,0.9878922},
{0.7362746,0.6654897,0.1225689},
{-0.6761734,0.7305776,0.0951095}
};
cameraToBaseR5 = {
{-0.0303995,-0.1515369,0.9879840},
{0.7376985,0.6635563,0.1244746},
{-0.6744455,0.7326183,0.0916168}
};
cameraToBaseR6 = {
{-0.0331740,-0.1488220,0.9883074},
{0.7411093,0.6597909,0.1242295},
{-0.6705643,0.7365650,0.0884055}
};
cameraToBaseR7 = {
{-0.0359472,-0.1465542,0.9885493},
{0.7439775,0.6565256,0.1243848},
{-0.6672370,0.7399297,0.0854327}
};
cameraToBaseR8 = {
{-0.0387515,-0.1453183,0.9886258},
{0.7466987,0.6532559,0.1252908},
{-0.6640326,0.7430608,0.0831943}
};
cameraToBaseR9 = {
{-0.0420113,-0.1426537,0.9888807},
{0.7503412,0.6490275,0.1255045},
{-0.6597144,0.7472705,0.0797724}
};
cameraToBaseR10 = {
{-0.0452927,-0.1404997,0.9890442},
{0.7523471,0.6465464,0.1262991},
{-0.6572080,0.7498250,0.0764208}
};
cameraToBaseR11 = {
{-0.0500039,-0.1361218,0.9894294},
{0.7555488,0.6427410,0.1266098},
{-0.6531811,0.7538932,0.0707071}
};
cameraToBaseR12 = {
{-0.0543772,-0.1305981,0.9899431},
{0.7572825,0.6407913,0.1261335},
{-0.6508197,0.7565253,0.0640553}
};
cameraToBaseR13 = {
{-0.0596379,-0.1271965,0.9900830},
{0.7605856,0.6365760,0.1275954},
{-0.6464927,0.7606524,0.0587798}
};
cameraToBaseR14 = {
{-0.0639959,-0.1233205,0.9903013},
{0.7625971,0.6340355,0.1282364},
{-0.6437004,0.7634075,0.0534682}
};
cameraToBaseR15 = {
{-0.0712691,-0.1195633,0.9902653},
{0.7679945,0.6269229,0.1309661},
{-0.6364787,0.7698521,0.0471437}
};
cameraToBaseR16 = {
{-0.0764116,-0.1141458,0.9905211},
{0.7689321,0.6256775,0.1314195},
{-0.6347478,0.7716854,0.0399613}
};
cameraToBaseR17 = {
{-0.0828219,-0.1093249,0.9905496},
{0.7733298,0.6198808,0.1330746},
{-0.6285710,0.7770431,0.0332045}
};
cameraToBaseR18 = {
{-0.0889329,-0.1036758,0.9906272},
{0.7771864,0.6148124,0.1341157},
{-0.6229544,0.7818293,0.0258984}
};
cameraToBaseR19 = {
{-0.0940565,-0.0983535,0.9906967},
{0.7805131,0.6104536,0.1347058},
{-0.6180232,0.7859217,0.0193491}
};
cameraToBaseR20 = {
{-0.1006907,-0.0925396,0.9906048},
{0.7835616,0.6061854,0.1362738},
{-0.6131008,0.7899213,0.0114732}
};
cameraToBaseR21 = {
{-0.1054689,-0.0866868,0.9906370},
{0.7877405,0.6007087,0.1364330},
{-0.6069112,0.7947544,0.0049306}
};
cameraToBaseR22 = {
{-0.1120499,-0.0787247,0.9905792},
{0.7923899,0.5944605,0.1368754},
{-0.5996357,0.8002619,-0.0042286}
};
cameraToBaseR23 = {
{-0.1194773,-0.0709093,0.9903015},
{0.7968321,0.5881711,0.1382509},
{-0.5922700,0.8056219,-0.0137703}
};
cameraToBaseR24 = {
{-0.1248733,-0.0624366,0.9902062},
{0.8001071,0.5838353,0.1377135},
{-0.5867157,0.8094677,-0.0229494}
};
cameraToBaseR25 = {
{-0.1328616,-0.0547077,0.9896236},
{0.8063534,0.5746198,0.1400225},
{-0.5763176,0.8165900,-0.0322311}
};
cameraToBaseR26 = {
{-0.1370130,-0.0451799,0.9895384},
{0.8088480,0.5715730,0.1380910},
{-0.5718324,0.8193064,-0.0417693}
};
cameraToBaseR27 = {
{-0.1444321,-0.0364777,0.9888421},
{0.8123802,0.5661854,0.1395439},
{-0.5649582,0.8234704,-0.0521415}
};
cameraToBaseR28 = {
{-0.1440635,-0.0292088,0.9891373},
{0.8181965,0.5587034,0.1356650},
{-0.5565970,0.8288530,-0.0565903}
};
cameraToBaseR29 = {
{-0.1463297,-0.0321332,0.9887139},
{0.8215615,0.5527755,0.1395563},
{-0.5510212,0.8327105,-0.0544880}
};
cameraToBaseR30 = {
{-0.1517855,-0.0336202,0.9878415},
{0.8246966,0.5465872,0.1453202},
{-0.5448272,0.8367270,-0.0552375}
};
cameraToBaseR31 = {
{-0.1540978,-0.0327024,0.9875143},
{0.8287875,0.5398532,0.1472068},
{-0.5379267,0.8411237,-0.0560868}
};
cameraToBaseR32 = {
{-0.1553051,-0.0302671,0.9874028},
{0.8322448,0.5344865,0.1472846},
{-0.5322113,0.8446349,-0.0578188}
};
cameraToBaseR33 = {
{-0.1579591,-0.0298036,0.9869958},
{0.8351002,0.5293555,0.1496342},
{-0.5269313,0.8478764,-0.0587275}
};
cameraToBaseR34 = {
{-0.1593426,-0.0277981,0.9868319},
{0.8376982,0.5251148,0.1500541},
{-0.5223713,0.8505773,-0.0603867}
};
cameraToBaseR35 = {
{-0.1607120,-0.0258731,0.9866622},
{0.8409823,0.5196780,0.1506105},
{-0.5166434,0.8539703,-0.0617596}
};
cameraToBaseR36 = {
{-0.1599034,-0.0249071,0.9868184},
{0.8445739,0.5140489,0.1498287},
{-0.5110047,0.8573992,-0.0611623}
};
cameraToBaseR37 = {
{-0.1582799,-0.0229681,0.9871271},
{0.8479056,0.5091272,0.1478027},
{-0.5059680,0.8603848,-0.0611098}
};
cameraToBaseR38 = {
{-0.1572151,-0.0205281,0.9873510},
{0.8516784,0.5032948,0.1460761},
{-0.4999273,0.8638709,-0.0616422}
};
cameraToBaseR39 = {
{-0.1540317,-0.0175606,0.9879099},
{0.8553150,0.4982083,0.1422138},
{-0.4946823,0.8668795,-0.0617200}
};
cameraToBaseR40 = {
{-0.1508341,-0.0135751,0.9884659},
{0.8597361,0.4917572,0.1379442},
{-0.4879579,0.8706265,-0.0625028}
};
cameraToBaseR41 = {
{-0.1462123,-0.0100836,0.9892018},
{0.8637643,0.4861290,0.1326270},
{-0.4822170,0.8738289,-0.0623682}
};
cameraToBaseR42 = {
{-0.1441083,-0.0060677,0.9895433},
{0.8678194,0.4797550,0.1293233},
{-0.4755231,0.8773815,-0.0638710}
};
cameraToBaseR43 = {
{-0.1408537,-0.0015200,0.9900293},
{0.8718528,0.4736094,0.1247676},
{-0.4690768,0.8807337,-0.0653844}
};
cameraToBaseR44 = {
{-0.1408538,0.0005067,0.9900303},
{0.8734215,0.4709069,0.1240227},
{-0.4661492,0.8821828,-0.0667716}
};
cameraToBaseR45 = {
{-0.1409947,0.0030431,0.9900057},
{0.8751842,0.4678392,0.1232040},
{-0.4627885,0.8838084,-0.0686261}
};
cameraToBaseR46 = {
{-0.1431246,0.0050753,0.9896917},
{0.8756417,0.4667081,0.1242379},
{-0.4612666,0.8843968,-0.0712416}
};
cameraToBaseR47 = {
{-0.1475940,0.0055792,0.9890323},
{0.8742963,0.4682579,0.1278304},
{-0.4624090,0.8835742,-0.0739899}
};
cameraToBaseR48 = {
{-0.1528565,0.0050783,0.9882353},
{0.8726660,0.4699792,0.1325656},
{-0.4637768,0.8826629,-0.0762710}
};
cameraToBaseR49 = {
{-0.1588001,0.0045661,0.9873002},
{0.8694880,0.4743851,0.1376569},
{-0.4677319,0.8803056,-0.0793026}
};
cameraToBaseR50 = {
{-0.1654672,0.0045681,0.9862047},
{0.8660170,0.4791053,0.1430827},
{-0.4718423,0.8777456,-0.0832323}
};
cameraToBaseR51 = {
{-0.1770536,0.0035512,0.9841948},
{0.8580356,0.4903995,0.1525885},
{-0.4821068,0.8714905,-0.0898741}
};
cameraToBaseR52 = {
{-0.1825408,0.0050706,0.9831852},
{0.8567360,0.4914284,0.1565295},
{-0.4823715,0.8709032,-0.0940499}
};
cameraToBaseR53 = {
{-0.1871325,0.0055785,0.9823188},
{0.8559514,0.4915907,0.1602677},
{-0.4820047,0.8708085,-0.0967675}
};
cameraToBaseR54 = {
{-0.1889907,0.0086135,0.9819411},
{0.8561168,0.4912384,0.1604647},
{-0.4809850,0.8709826,-0.1002137}
};
cameraToBaseR55 = {
{-0.1910319,0.0121612,0.9815085},
{0.8575808,0.4885487,0.1608584},
{-0.4775585,0.8724519,-0.1037576}
};
cameraToBaseR56 = {
{-0.1926763,0.0162254,0.9811282},
{0.8593782,0.4854194,0.1607392},
{-0.4736506,0.8741308,-0.1074726}
};
cameraToBaseR57 = {
{-0.1936401,0.0197695,0.9808734},
{0.8620146,0.4808070,0.1604848},
{-0.4684381,0.8766036,-0.1101452}
};
cameraToBaseR58 = {
{-0.1942992,0.0248581,0.9806273},
{0.8647489,0.4762811,0.1592659},
{-0.4630952,0.8789416,-0.1140370}
};
cameraToBaseR59 = {
{-0.1948685,0.0279109,0.9804322},
{0.8675326,0.4712771,0.1590126},
{-0.4576171,0.8815435,-0.1160506}
};
cameraToBaseR60 = {
{-0.1953297,0.0324704,0.9802000},
{0.8699930,0.4670989,0.1578949},
{-0.4527234,0.8836087,-0.1194873}
};
cameraToBaseR61 = {
{-0.1952227,0.0339738,0.9801703},
{0.8721730,0.4630953,0.1576613},
{-0.4485559,0.8856571,-0.1200378}
};
cameraToBaseR62 = {
{-0.1963644,0.0380551,0.9797922},
{0.8747475,0.4582646,0.1575129},
{-0.4430100,0.8880008,-0.1232755}
};
cameraToBaseR63 = {
{-0.1975122,0.0411272,0.9794373},
{0.8765383,0.4547771,0.1576654},
{-0.4389413,0.8896552,-0.1258736}
};
cameraToBaseR64 = {
{-0.1982745,0.0437221,0.9791709},
{0.8788684,0.4501888,0.1578621},
{-0.4339097,0.8918623,-0.1276869}
};
cameraToBaseR65 = {
{-0.1993179,0.0472872,0.9787933},
{0.8811969,0.4455945,0.1579163},
{-0.4286775,0.8939851,-0.1304843}
};
cameraToBaseR66 = {
{-0.2008469,0.0508473,0.9783021},
{0.8833836,0.4410572,0.1584360},
{-0.4234311,0.8960375,-0.1335026}
};
cameraToBaseR67 = {
{-0.2006316,0.0534678,0.9782066},
{0.8861268,0.4357031,0.1579308},
{-0.4177634,0.8985010,-0.1347951}
};
cameraToBaseR68 = {
{-0.1996261,0.0560175,0.9782696},
{0.8889401,0.4303646,0.1567540},
{-0.4122317,0.9009153,-0.1357082}
};
cameraToBaseR69 = {
{-0.1991892,0.0601134,0.9781156},
{0.8919452,0.4245448,0.1555491},
{-0.4059033,0.9034091,-0.1381825}
};
cameraToBaseR70 = {
{-0.1958298,0.0625638,0.9786401},
{0.8951791,0.4188597,0.1523515},
{-0.4003812,0.9058931,-0.1380310}
};
cameraToBaseR71 = {
{-0.1946128,0.0660566,0.9786534},
{0.8980929,0.4131795,0.1507042},
{-0.3944045,0.9082506,-0.1397350}
};
cameraToBaseR72 = {
{-0.1960315,0.0695760,0.9781262},
{0.9000561,0.4086592,0.1513164},
{-0.3891923,0.9100312,-0.1427323}
};
cameraToBaseR73 = {
{-0.1961008,0.0716327,0.9779638},
{0.9025484,0.4030729,0.1514548},
{-0.3833417,0.9123601,-0.1436949}
};
cameraToBaseR74 = {
{-0.1978010,0.0757644,0.9773098},
{0.9040550,0.3994730,0.1520062},
{-0.3788922,0.9136088,-0.1475113}
};
cameraToBaseR75 = {
{-0.1977544,0.0787967,0.9770795},
{0.9060536,0.3951073,0.1515157},
{-0.3741123,0.9152493,-0.1495283}
};
cameraToBaseR76 = {
{-0.1992775,0.0813378,0.9765616},
{0.9077587,0.3907152,0.1526949},
{-0.3691376,0.9169110,-0.1516958}
};
cameraToBaseR77 = {
{-0.2012780,0.0843741,0.9758935},
{0.9087539,0.3879223,0.1538914},
{-0.3655864,0.9178220,-0.1547556}
};
cameraToBaseR78 = {
{-0.2014340,0.0869829,0.9756323},
{0.9101761,0.3846809,0.1536232},
{-0.3619445,0.9189421,-0.1566575}
};
cameraToBaseR79 = {
{-0.2038173,0.0899642,0.9748666},
{0.9112619,0.3814146,0.1553210},
{-0.3578550,0.9200159,-0.1597199}
};
cameraToBaseR80 = {
{-0.2051208,0.0941622,0.9741966},
{0.9124174,0.3785592,0.1555229},
{-0.3541467,0.9207749,-0.1635656}
};
cameraToBaseR81 = {
{-0.2058946,0.0953027,0.9739224},
{0.9131971,0.3763835,0.1562260},
{-0.3516795,0.9215492,-0.1645255}
};
cameraToBaseR82 = {
{-0.2080830,0.0989414,0.9730941},
{0.9139220,0.3741326,0.1573891},
{-0.3484939,0.9220821,-0.1682754}
};
cameraToBaseR83 = {
{-0.2090052,0.1014440,0.9726387},
{0.9148715,0.3716166,0.1578331},
{-0.3454375,0.9228273,-0.1704780}
};
cameraToBaseR84 = {
{-0.2111078,0.1040241,0.9719118},
{0.9150376,0.3706745,0.1590808},
{-0.3437146,0.9229190,-0.1734383}
};
cameraToBaseR85 = {
{-0.2112833,0.1056417,0.9716991},
{0.9155666,0.3694378,0.1589133},
{-0.3421945,0.9232311,-0.1747780}
};
cameraToBaseR86 = {
{-0.2143833,0.1071916,0.9708500},
{0.9153933,0.3687798,0.1614203},
{-0.3407269,0.9233155,-0.1771827}
};
cameraToBaseR87 = {
{-0.2172937,0.1099251,0.9698969},
{0.9156482,0.3672186,0.1635205},
{-0.3381891,0.9236163,-0.1804470}
};
cameraToBaseR88 = {
{-0.2192747,0.1129597,0.9691020},
{0.9157093,0.3666476,0.1644568},
{-0.3367419,0.9234769,-0.1838348}
};
cameraToBaseR89 = {
{-0.2206329,0.1151796,0.9685323},
{0.9159774,0.3656528,0.1651767},
{-0.3351216,0.9235971,-0.1861769}
};
cameraToBaseR90 = {
{-0.2230394,0.1161237,0.9678681},
{0.9160253,0.3645406,0.1673553},
{-0.3333933,0.9239185,-0.1876792}
};
cameraToBaseR91 = {
{-0.2241794,0.1182316,0.9673494},
{0.9157533,0.3651123,0.1675974},
{-0.3333758,0.9234253,-0.1901216}
};
cameraToBaseR92 = {
{-0.2272622,0.1202852,0.9663764},
{0.9155639,0.3645026,0.1699429},
{-0.3318051,0.9234010,-0.1929665}
};
cameraToBaseR93 = {
{-0.2289299,0.1208668,0.9659101},
{0.9151612,0.3649066,0.1712402},
{-0.3317697,0.9231654,-0.1941506}
};
