(* /home/sara/Dropbox/Reaching Study/Gilwoo_Automated_v2/csv_only_manual_inspection/2016_11_24_study_4_Part3_1/2016_11_24_study_4_Part3_1_253_479_clean_phase1.csv
shoToElMeanLH: 0.331503
elToWrMeanLH: 0.266937
shoToElMeanLH / elToWrMeanLH: 1.24188
shoToElMeanLWam: 0.55
elToWrMeanLWam: 0.36
shoToElMeanLWam / elToWrMeanLWam: 1.52778
cameraToBaseR0 = {
{-0.3762267,0.8292170,-0.4133432},
{-0.8656513,-0.4736303,-0.1622409},
{-0.3303048,0.2967717,0.8960052}
};
cameraToBaseR1 = {
{-0.3791997,0.8262650,-0.4165258},
{-0.8653715,-0.4760562,-0.1565330},
{-0.3276274,0.3010923,0.8955466}
};
cameraToBaseR2 = {
{-0.3802794,0.8246508,-0.4187346},
{-0.8653995,-0.4770003,-0.1534745},
{-0.3262993,0.3040096,0.8950458}
};
cameraToBaseR3 = {
{-0.3831054,0.8213092,-0.4227073},
{-0.8652749,-0.4792642,-0.1469872},
{-0.3233105,0.3094464,0.8942669}
};
cameraToBaseR4 = {
{-0.3844823,0.8184352,-0.4270097},
{-0.8651967,-0.4807724,-0.1424517},
{-0.3218820,0.3146772,0.8929559}
};
cameraToBaseR5 = {
{-0.3864688,0.8149070,-0.4319357},
{-0.8647752,-0.4829788,-0.1374607},
{-0.3206334,0.3204030,0.8913676}
};
cameraToBaseR6 = {
{-0.3909503,0.8101408,-0.4368406},
{-0.8646995,-0.4859004,-0.1272620},
{-0.3153611,0.3279828,0.8904912}
};
cameraToBaseR7 = {
{-0.3950500,0.8052258,-0.4422069},
{-0.8639688,-0.4892633,-0.1190767},
{-0.3122393,0.3350117,0.8889735}
};
cameraToBaseR8 = {
{-0.3976551,0.8007082,-0.4480367},
{-0.8635570,-0.4916214,-0.1121502},
{-0.3100640,0.3423082,0.8869529}
};
cameraToBaseR9 = {
{-0.4043426,0.7932036,-0.4553407},
{-0.8624818,-0.4963566,-0.0987693},
{-0.3043555,0.3527864,0.8848217}
};
cameraToBaseR10 = {
{-0.4099459,0.7866530,-0.4616508},
{-0.8614844,-0.5002123,-0.0873636},
{-0.2996482,0.3618906,0.8827492}
};
cameraToBaseR11 = {
{-0.4126651,0.7804143,-0.4697458},
{-0.8606043,-0.5030078,-0.0796455},
{-0.2984422,0.3713983,0.8792016}
};
cameraToBaseR12 = {
{-0.4155985,0.7742657,-0.4772741},
{-0.8598402,-0.5055457,-0.0714022},
{-0.2965681,0.3807048,0.8758488}
};
cameraToBaseR13 = {
{-0.4177119,0.7669305,-0.4871697},
{-0.8587226,-0.5084173,-0.0640889},
{-0.2968373,0.3915729,0.8709525}
};
cameraToBaseR14 = {
{-0.4200646,0.7574936,-0.4997490},
{-0.8575283,-0.5115351,-0.0545619},
{-0.2969694,0.4056295,0.8644501}
};
cameraToBaseR15 = {
{-0.4261055,0.7449326,-0.5133318},
{-0.8553833,-0.5164889,-0.0394793},
{-0.2945396,0.4222731,0.8572817}
};
cameraToBaseR16 = {
{-0.4249759,0.7342355,-0.5294278},
{-0.8545685,-0.5182997,-0.0328336},
{-0.2985099,0.4384788,0.8477194}
};
cameraToBaseR17 = {
{-0.4258761,0.7223193,-0.5448709},
{-0.8529765,-0.5213751,-0.0244774},
{-0.3017626,0.4543378,0.8381626}
};
cameraToBaseR18 = {
{-0.4303191,0.7058088,-0.5627250},
{-0.8505714,-0.5257820,-0.0090353},
{-0.3022479,0.4747497,0.8265948}
};
cameraToBaseR19 = {
{-0.4316103,0.6910124,-0.5798400},
{-0.8484622,-0.5292553,0.0008330},
{-0.3063079,0.4923319,0.8147299}
};
cameraToBaseR20 = {
{-0.4340549,0.6711157,-0.6009992},
{-0.8456443,-0.5335371,0.0149600},
{-0.3106155,0.5147250,0.7991096}
};
cameraToBaseR21 = {
{-0.4358414,0.6537621,-0.6185770},
{-0.8431735,-0.5369851,0.0265601},
{-0.3148026,0.5331437,0.7852752}
};
cameraToBaseR22 = {
{-0.4408594,0.6317828,-0.6375684},
{-0.8392702,-0.5419911,0.0432573},
{-0.3182272,0.5541625,0.7691784}
};
cameraToBaseR23 = {
{-0.4441788,0.6100055,-0.6562001},
{-0.8356722,-0.5461630,0.0579479},
{-0.3230436,0.5741074,0.7523586}
};
cameraToBaseR24 = {
{-0.4467834,0.5864785,-0.6755943},
{-0.8317569,-0.5504195,0.0722416},
{-0.3294921,0.5942066,0.7337258}
};
cameraToBaseR25 = {
{-0.4508759,0.5626735,-0.6928993},
{-0.8274010,-0.5546796,0.0879661},
{-0.3348409,0.6129674,0.7156484}
};
cameraToBaseR26 = {
{-0.4557051,0.5320733,-0.7136042},
{-0.8215149,-0.5600507,0.1070349},
{-0.3427041,0.6350128,0.6923241}
};
cameraToBaseR27 = {
{-0.4616342,0.4999971,-0.7327324},
{-0.8152753,-0.5646778,0.1283165},
{-0.3495998,0.6566139,0.6683099}
};
cameraToBaseR28 = {
{-0.4622777,0.4675012,-0.7534865},
{-0.8091514,-0.5699896,0.1427787},
{-0.3627303,0.6756881,0.6417728}
};
cameraToBaseR29 = {
{-0.4453185,0.4544868,-0.7714488},
{-0.8075620,-0.5759834,0.1268333},
{-0.3866976,0.6794739,0.6235223}
};
cameraToBaseR30 = {
{-0.4488743,0.4290127,-0.7838750},
{-0.8015357,-0.5810955,0.1409555},
{-0.3950345,0.6915751,0.6047078}
};
cameraToBaseR31 = {
{-0.4550424,0.3998449,-0.7956510},
{-0.7941607,-0.5864030,0.1595002},
{-0.4027968,0.7044541,0.5843793}
};
cameraToBaseR32 = {
{-0.4558562,0.3755710,-0.8069334},
{-0.7886490,-0.5907027,0.1705961},
{-0.4125868,0.7141545,0.5654692}
};
cameraToBaseR33 = {
{-0.4545295,0.3553594,-0.8167757},
{-0.7852783,-0.5926576,0.1791504},
{-0.4204056,0.7228254,0.5484364}
};
cameraToBaseR34 = {
{-0.4360770,0.3788419,-0.8162816},
{-0.8052483,-0.5692265,0.1660008},
{-0.4017611,0.7296986,0.5532884}
};
cameraToBaseR35 = {
{-0.4194396,0.3978608,-0.8159517},
{-0.8197840,-0.5520725,0.1522173},
{-0.3899032,0.7327501,0.5577210}
};
cameraToBaseR36 = {
{-0.4071193,0.4164630,-0.8129037},
{-0.8321380,-0.5360468,0.1421273},
{-0.3765637,0.7343109,0.5647897}
};
cameraToBaseR37 = {
{-0.3922557,0.4292360,-0.8135674},
{-0.8441182,-0.5194134,0.1329444},
{-0.3655133,0.7388952,0.5660688}
};
cameraToBaseR38 = {
{-0.3740778,0.4499397,-0.8109378},
{-0.8570007,-0.5018905,0.1168578},
{-0.3544230,0.7386882,0.5733447}
};
cameraToBaseR39 = {
{-0.3596525,0.4599904,-0.8118244},
{-0.8671695,-0.4859813,0.1088080},
{-0.3444808,0.7431225,0.5736741}
};
cameraToBaseR40 = {
{-0.3424649,0.4763609,-0.8098136},
{-0.8784631,-0.4680288,0.0961852},
{-0.3331972,0.7443314,0.5787489}
};
cameraToBaseR41 = {
{-0.3306852,0.4851752,-0.8094766},
{-0.8869417,-0.4528466,0.0909088},
{-0.3224620,0.7480207,0.5800718}
};
cameraToBaseR42 = {
{-0.3128616,0.4990585,-0.8081202},
{-0.8967705,-0.4355275,0.0782202},
{-0.3129221,0.7491704,0.5838008}
};
cameraToBaseR43 = {
{-0.3076529,0.4980447,-0.8107411},
{-0.9014011,-0.4253915,0.0807344},
{-0.3046730,0.7556411,0.5798110}
};
cameraToBaseR44 = {
{-0.3007753,0.5000389,-0.8120932},
{-0.9057712,-0.4163136,0.0791296},
{-0.2985175,0.7593709,0.5781376}
};
cameraToBaseR45 = {
{-0.2925320,0.5000547,-0.8150892},
{-0.9100675,-0.4072925,0.0767466},
{-0.2936022,0.7642370,0.5742296}
};
cameraToBaseR46 = {
{-0.2806224,0.5038731,-0.8169229},
{-0.9153320,-0.3966041,0.0698040},
{-0.2888226,0.7673442,0.5725071}
};
cameraToBaseR47 = {
{-0.2732276,0.5054711,-0.8184410},
{-0.9193967,-0.3874746,0.0676254},
{-0.2829424,0.7709490,0.5705972}
};
cameraToBaseR48 = {
{-0.2648840,0.5061398,-0.8207673},
{-0.9235234,-0.3780038,0.0649438},
{-0.2773825,0.7752003,0.5675591}
};
cameraToBaseR49 = {
{-0.2522267,0.5056958,-0.8250172},
{-0.9283678,-0.3669676,0.0588898},
{-0.2729743,0.7807730,0.5620307}
};
cameraToBaseR50 = {
{-0.2430946,0.5085142,-0.8260256},
{-0.9324477,-0.3571651,0.0545376},
{-0.2672944,0.7834835,0.5609879}
};
cameraToBaseR51 = {
{-0.2327660,0.5076279,-0.8295383},
{-0.9365923,-0.3467461,0.0506171},
{-0.2619445,0.7887211,0.5561511}
};
cameraToBaseR52 = {
{-0.1382610,0.5410213,-0.8295660},
{-0.9497121,-0.3100305,-0.0439085},
{-0.2809462,0.7817781,0.5566796}
};
cameraToBaseR53 = {
{-0.1324896,0.5420031,-0.8298669},
{-0.9538405,-0.2973711,-0.0419369},
{-0.2695084,0.7860045,0.5563831}
};
cameraToBaseR54 = {
{-0.1226793,0.5424349,-0.8310921},
{-0.9570946,-0.2861804,-0.0455046},
{-0.2625256,0.7898513,0.5542700}
};
cameraToBaseR55 = {
{-0.1126211,0.5403415,-0.8338751},
{-0.9602782,-0.2748175,-0.0483858},
{-0.2553083,0.7953028,0.5498283}
};
cameraToBaseR56 = {
{-0.1014891,0.5432651,-0.8334045},
{-0.9634519,-0.2624346,-0.0537455},
{-0.2479122,0.7974905,0.5500440}
};
cameraToBaseR57 = {
{-0.0929289,0.5420855,-0.8351691},
{-0.9663114,-0.2513004,-0.0555911},
{-0.2400135,0.8018674,0.5471765}
};
cameraToBaseR58 = {
{-0.0869014,0.5404555,-0.8368727},
{-0.9683549,-0.2431102,-0.0564469},
{-0.2339593,0.8054845,0.5444794}
};
cameraToBaseR59 = {
{-0.0797781,0.5393950,-0.8382651},
{-0.9705473,-0.2338050,-0.0580781},
{-0.2273177,0.8089426,0.5421609}
};
cameraToBaseR60 = {
{-0.0679063,0.5384854,-0.8398942},
{-0.9726671,-0.2230967,-0.0643939},
{-0.2220528,0.8125647,0.5389167}
};
cameraToBaseR61 = {
{-0.0595987,0.5387718,-0.8403410},
{-0.9746785,-0.2131663,-0.0675422},
{-0.2155222,0.8150369,0.5378337}
};
cameraToBaseR62 = {
{-0.0535786,0.5334052,-0.8441613},
{-0.9761263,-0.2061778,-0.0683244},
{-0.2104919,0.8203473,0.5317175}
};
cameraToBaseR63 = {
{-0.0449794,0.5326507,-0.8451391},
{-0.9779120,-0.1963362,-0.0716956},
{-0.2041201,0.8232468,0.5297166}
};
cameraToBaseR64 = {
{-0.0391790,0.5271353,-0.8488777},
{-0.9792125,-0.1894553,-0.0724534},
{-0.1990171,0.8283931,0.5236001}
};
cameraToBaseR65 = {
{-0.0390215,0.5250171,-0.8501966},
{-0.9810773,-0.1816103,-0.0671202},
{-0.1896437,0.8314895,0.5221691}
};
cameraToBaseR66 = {
{-0.0261061,0.5209363,-0.8531963},
{-0.9816210,-0.1747629,-0.0766693},
{-0.1890468,0.8355138,0.5159243}
};
cameraToBaseR67 = {
{-0.0260063,0.5165799,-0.8558440},
{-0.9829654,-0.1690335,-0.0721580},
{-0.1819417,0.8393884,0.5121760}
};
cameraToBaseR68 = {
{-0.0177347,0.5107589,-0.8595410},
{-0.9837376,-0.1625910,-0.0763181},
{-0.1787337,0.8442094,0.5053363}
};
cameraToBaseR69 = {
{-0.0141709,0.5066079,-0.8620601},
{-0.9845503,-0.1575529,-0.0764049},
{-0.1745274,0.8476588,0.5010137}
};
cameraToBaseR70 = {
{-0.0106323,0.5020786,-0.8647566},
{-0.9853610,-0.1524148,-0.0763771},
{-0.1701490,0.8512854,0.4963492}
};
cameraToBaseR71 = {
{-0.0094748,0.4962442,-0.8681313},
{-0.9860382,-0.1489760,-0.0743965},
{-0.1662496,0.8553057,0.4907273}
};
cameraToBaseR72 = {
{-0.0047417,0.4907622,-0.8712807},
{-0.9862537,-0.1462077,-0.0769863},
{-0.1651699,0.8589388,0.4847093}
};
cameraToBaseR73 = {
{-0.0011852,0.4847367,-0.8746593},
{-0.9866110,-0.1432123,-0.0780315},
{-0.1630867,0.8628561,0.4784163}
};
cameraToBaseR74 = {
{0.0023733,0.4805958,-0.8769390},
{-0.9869073,-0.1402998,-0.0795606},
{-0.1612709,0.8656464,0.4739705}
};
cameraToBaseR75 = {
{0.0035681,0.4769313,-0.8789333},
{-0.9871194,-0.1389032,-0.0793796},
{-0.1599453,0.8678954,0.4702926}
};
cameraToBaseR76 = {
{0.0071142,0.4730976,-0.8809813},
{-0.9873986,-0.1359608,-0.0809862},
{-0.1580933,0.8704558,0.4661686}
};

Solver Summary (v 1.12.0-eigen-(3.2.92)-lapack-suitesparse-(4.4.6)-cxsparse-(3.1.4)-openmp)

                                     Original                  Reduced
Parameter blocks                            1                        1
Parameters                                 12                       12
Residual blocks                            77                       77
Residual                                  231                      231

Minimizer                        TRUST_REGION

Sparse linear algebra library    SUITE_SPARSE
Trust region strategy     LEVENBERG_MARQUARDT

                                        Given                     Used
Linear solver          SPARSE_NORMAL_CHOLESKY   SPARSE_NORMAL_CHOLESKY
Threads                                     1                        1
Linear solver threads                       1                        1
Linear solver ordering              AUTOMATIC                        1

Cost:
Initial                          3.052686e+01
Final                            1.547958e-01
Change                           3.037206e+01

Minimizer iterations                       91
Successful steps                           81
Unsuccessful steps                         10
Line search steps                         151

Time (in seconds):
Preprocessor                           0.0001

  Residual evaluation                  0.1410
    Line search cost evaluation        0.0000
  Jacobian evaluation                 52.5249
    Line search gradient evaluation    38.5221
  Linear solver                        0.0107
  Line search polynomial minimization  0.0019
Minimizer                             52.6833

Postprocessor                          0.0000
Total                                 52.6834

Termination:                      CONVERGENCE (Parameter tolerance reached. Relative step_norm: 0.000000e+00 <= 1.000000e-20.)

elErrMEAN = 0.0547017
 *) 
elErr0 = {
{0.0807253},
{0.0794723},
{0.0787449},
{0.0807823},
{0.0830975},
{0.0858115},
{0.0912729},
{0.0950921},
{0.0985014},
{0.1029945},
{0.1070341},
{0.1092285},
{0.1114780},
{0.1123325},
{0.1125307},
{0.1122138},
{0.1096455},
{0.1063690},
{0.1021519},
{0.0968947},
{0.0892218},
{0.0822682},
{0.0737277},
{0.0646561},
{0.0541941},
{0.0446183},
{0.0346987},
{0.0318371},
{0.0350017},
{0.0332822},
{0.0479470},
{0.0655085},
{0.0810355},
{0.0944565},
{0.0813273},
{0.0724535},
{0.0646342},
{0.0598898},
{0.0511470},
{0.0485015},
{0.0425548},
{0.0396872},
{0.0352548},
{0.0361548},
{0.0364681},
{0.0385639},
{0.0385977},
{0.0401501},
{0.0421069},
{0.0440690},
{0.0448737},
{0.0463986},
{0.0315262},
{0.0258867},
{0.0225323},
{0.0204632},
{0.0161482},
{0.0132887},
{0.0096970},
{0.0067031},
{0.0080293},
{0.0099214},
{0.0104376},
{0.0143241},
{0.0155744},
{0.0175640},
{0.0215834},
{0.0230422},
{0.0247644},
{0.0271621},
{0.0293754},
{0.0307411},
{0.0323911},
{0.0336632},
{0.0359598},
{0.0385785},
{0.0410166}
};
inPtsRW0 = {
{0.6274000,0.2137000,0.3509000},
{0.6266000,0.2135000,0.3510000},
{0.6255000,0.2136000,0.3513000},
{0.6243000,0.2140000,0.3518000},
{0.6228000,0.2148000,0.3524000},
{0.6209000,0.2158000,0.3534000},
{0.6188000,0.2172000,0.3546000},
{0.6166000,0.2190000,0.3561000},
{0.6144000,0.2211000,0.3579000},
{0.6122000,0.2236000,0.3599000},
{0.6101000,0.2265000,0.3623000},
{0.6081000,0.2298000,0.3648000},
{0.6059000,0.2335000,0.3675000},
{0.6035000,0.2376000,0.3705000},
{0.6007000,0.2421000,0.3737000},
{0.5977000,0.2470000,0.3771000},
{0.5946000,0.2524000,0.3806000},
{0.5914000,0.2581000,0.3842000},
{0.5881000,0.2645000,0.3878000},
{0.5849000,0.2713000,0.3914000},
{0.5815000,0.2785000,0.3950000},
{0.5782000,0.2864000,0.3982000},
{0.5747000,0.2947000,0.4013000},
{0.5712000,0.3035000,0.4042000},
{0.5679000,0.3128000,0.4065000},
{0.5647000,0.3227000,0.4085000},
{0.5616000,0.3330000,0.4101000},
{0.5584000,0.3438000,0.4113000},
{0.5552000,0.3550000,0.4121000},
{0.5519000,0.3667000,0.4125000},
{0.5484000,0.3788000,0.4125000},
{0.5450000,0.3914000,0.4119000},
{0.5415000,0.4044000,0.4109000},
{0.5380000,0.4179000,0.4093000},
{0.5347000,0.4316000,0.4073000},
{0.5316000,0.4457000,0.4046000},
{0.5287000,0.4601000,0.4014000},
{0.5261000,0.4748000,0.3976000},
{0.5237000,0.4897000,0.3932000},
{0.5217000,0.5048000,0.3883000},
{0.5200000,0.5200000,0.3829000},
{0.5187000,0.5353000,0.3770000},
{0.5177000,0.5507000,0.3705000},
{0.5170000,0.5661000,0.3635000},
{0.5167000,0.5815000,0.3561000},
{0.5167000,0.5967000,0.3484000},
{0.5171000,0.6119000,0.3403000},
{0.5180000,0.6269000,0.3320000},
{0.5192000,0.6416000,0.3235000},
{0.5208000,0.6559000,0.3148000},
{0.5227000,0.6696000,0.3057000},
{0.5250000,0.6830000,0.2966000},
{0.5278000,0.6958000,0.2875000},
{0.5310000,0.7079000,0.2787000},
{0.5347000,0.7191000,0.2701000},
{0.5387000,0.7295000,0.2619000},
{0.5430000,0.7391000,0.2540000},
{0.5474000,0.7478000,0.2465000},
{0.5519000,0.7557000,0.2394000},
{0.5564000,0.7630000,0.2328000},
{0.5610000,0.7694000,0.2265000},
{0.5654000,0.7750000,0.2207000},
{0.5698000,0.7798000,0.2154000},
{0.5739000,0.7839000,0.2105000},
{0.5778000,0.7874000,0.2060000},
{0.5815000,0.7902000,0.2017000},
{0.5850000,0.7924000,0.1977000},
{0.5882000,0.7942000,0.1941000},
{0.5910000,0.7955000,0.1907000},
{0.5937000,0.7964000,0.1875000},
{0.5960000,0.7971000,0.1845000},
{0.5980000,0.7975000,0.1816000},
{0.5997000,0.7976000,0.1789000},
{0.6012000,0.7976000,0.1763000},
{0.6024000,0.7973000,0.1737000},
{0.6034000,0.7969000,0.1713000},
{0.6042000,0.7964000,0.1688000}
};
inPtsRTh0 = {
{0.5808000,0.1553000,0.3203000},
{0.5802000,0.1552000,0.3202000},
{0.5794000,0.1553000,0.3203000},
{0.5784000,0.1558000,0.3205000},
{0.5772000,0.1565000,0.3210000},
{0.5758000,0.1575000,0.3217000},
{0.5742000,0.1588000,0.3227000},
{0.5725000,0.1605000,0.3240000},
{0.5707000,0.1625000,0.3256000},
{0.5690000,0.1648000,0.3276000},
{0.5673000,0.1675000,0.3299000},
{0.5655000,0.1706000,0.3327000},
{0.5636000,0.1741000,0.3359000},
{0.5614000,0.1780000,0.3392000},
{0.5590000,0.1823000,0.3428000},
{0.5563000,0.1870000,0.3466000},
{0.5535000,0.1921000,0.3503000},
{0.5505000,0.1977000,0.3542000},
{0.5474000,0.2039000,0.3580000},
{0.5441000,0.2106000,0.3619000},
{0.5407000,0.2178000,0.3656000},
{0.5372000,0.2256000,0.3692000},
{0.5335000,0.2339000,0.3726000},
{0.5297000,0.2428000,0.3758000},
{0.5258000,0.2523000,0.3788000},
{0.5218000,0.2625000,0.3815000},
{0.5177000,0.2732000,0.3838000},
{0.5137000,0.2845000,0.3854000},
{0.5094000,0.2962000,0.3870000},
{0.5051000,0.3086000,0.3878000},
{0.5010000,0.3213000,0.3877000},
{0.4965000,0.3347000,0.3872000},
{0.4921000,0.3485000,0.3862000},
{0.4879000,0.3628000,0.3842000},
{0.4837000,0.3774000,0.3817000},
{0.4798000,0.3926000,0.3787000},
{0.4760000,0.4082000,0.3748000},
{0.4725000,0.4240000,0.3704000},
{0.4692000,0.4403000,0.3654000},
{0.4661000,0.4570000,0.3599000},
{0.4634000,0.4741000,0.3538000},
{0.4610000,0.4914000,0.3471000},
{0.4590000,0.5090000,0.3396000},
{0.4575000,0.5268000,0.3314000},
{0.4564000,0.5448000,0.3227000},
{0.4558000,0.5629000,0.3135000},
{0.4558000,0.5810000,0.3040000},
{0.4562000,0.5990000,0.2942000},
{0.4573000,0.6167000,0.2840000},
{0.4594000,0.6332000,0.2731000},
{0.4617000,0.6499000,0.2624000},
{0.4647000,0.6660000,0.2514000},
{0.4682000,0.6814000,0.2406000},
{0.4724000,0.6961000,0.2301000},
{0.4770000,0.7099000,0.2201000},
{0.4819000,0.7228000,0.2106000},
{0.4871000,0.7345000,0.2016000},
{0.4925000,0.7453000,0.1931000},
{0.4979000,0.7549000,0.1851000},
{0.5034000,0.7636000,0.1777000},
{0.5088000,0.7711000,0.1707000},
{0.5141000,0.7778000,0.1644000},
{0.5191000,0.7834000,0.1586000},
{0.5240000,0.7882000,0.1532000},
{0.5284000,0.7922000,0.1484000},
{0.5325000,0.7953000,0.1438000},
{0.5363000,0.7978000,0.1398000},
{0.5398000,0.7998000,0.1361000},
{0.5429000,0.8012000,0.1326000},
{0.5456000,0.8022000,0.1294000},
{0.5480000,0.8029000,0.1263000},
{0.5500000,0.8034000,0.1235000},
{0.5518000,0.8037000,0.1209000},
{0.5533000,0.8036000,0.1183000},
{0.5545000,0.8034000,0.1158000},
{0.5555000,0.8031000,0.1135000},
{0.5562000,0.8027000,0.1113000}
};
inPtsRLA0 = {
{0.6004000,0.3256000,0.3985000},
{0.5994000,0.3254000,0.3985000},
{0.5982000,0.3256000,0.3985000},
{0.5968000,0.3262000,0.3986000},
{0.5953000,0.3270000,0.3988000},
{0.5936000,0.3283000,0.3991000},
{0.5917000,0.3300000,0.3993000},
{0.5897000,0.3320000,0.3998000},
{0.5875000,0.3344000,0.4003000},
{0.5852000,0.3372000,0.4010000},
{0.5829000,0.3403000,0.4018000},
{0.5805000,0.3438000,0.4028000},
{0.5780000,0.3478000,0.4038000},
{0.5757000,0.3522000,0.4049000},
{0.5729000,0.3570000,0.4060000},
{0.5700000,0.3622000,0.4072000},
{0.5671000,0.3679000,0.4084000},
{0.5640000,0.3740000,0.4096000},
{0.5608000,0.3806000,0.4107000},
{0.5578000,0.3878000,0.4116000},
{0.5549000,0.3955000,0.4125000},
{0.5522000,0.4036000,0.4132000},
{0.5494000,0.4123000,0.4136000},
{0.5467000,0.4213000,0.4139000},
{0.5442000,0.4309000,0.4138000},
{0.5421000,0.4409000,0.4134000},
{0.5400000,0.4513000,0.4127000},
{0.5380000,0.4622000,0.4117000},
{0.5361000,0.4735000,0.4104000},
{0.5346000,0.4852000,0.4087000},
{0.5333000,0.4974000,0.4065000},
{0.5320000,0.5100000,0.4040000},
{0.5309000,0.5229000,0.4010000},
{0.5301000,0.5363000,0.3976000},
{0.5295000,0.5498000,0.3939000},
{0.5293000,0.5636000,0.3896000},
{0.5293000,0.5782000,0.3855000},
{0.5300000,0.5926000,0.3808000},
{0.5310000,0.6073000,0.3758000},
{0.5326000,0.6220000,0.3705000},
{0.5347000,0.6367000,0.3649000},
{0.5373000,0.6515000,0.3591000},
{0.5404000,0.6662000,0.3532000},
{0.5440000,0.6807000,0.3471000},
{0.5481000,0.6950000,0.3408000},
{0.5527000,0.7091000,0.3345000},
{0.5576000,0.7229000,0.3280000},
{0.5628000,0.7363000,0.3216000},
{0.5684000,0.7494000,0.3152000},
{0.5742000,0.7617000,0.3088000},
{0.5803000,0.7734000,0.3025000},
{0.5859000,0.7852000,0.2965000},
{0.5923000,0.7955000,0.2902000},
{0.5984000,0.8054000,0.2840000},
{0.6043000,0.8153000,0.2785000},
{0.6106000,0.8237000,0.2729000},
{0.6167000,0.8314000,0.2678000},
{0.6227000,0.8384000,0.2629000},
{0.6286000,0.8447000,0.2582000},
{0.6342000,0.8504000,0.2537000},
{0.6396000,0.8556000,0.2493000},
{0.6449000,0.8600000,0.2450000},
{0.6499000,0.8637000,0.2409000},
{0.6544000,0.8670000,0.2372000},
{0.6586000,0.8699000,0.2336000},
{0.6623000,0.8722000,0.2302000},
{0.6658000,0.8742000,0.2270000},
{0.6689000,0.8759000,0.2239000},
{0.6716000,0.8771000,0.2209000},
{0.6740000,0.8780000,0.2181000},
{0.6762000,0.8786000,0.2154000},
{0.6781000,0.8791000,0.2128000},
{0.6797000,0.8793000,0.2102000},
{0.6810000,0.8793000,0.2078000},
{0.6820000,0.8792000,0.2053000},
{0.6827000,0.8789000,0.2029000},
{0.6832000,0.8787000,0.2006000}
};
inPtsREl0 = {
{0.5466000,0.4644000,0.3914000},
{0.5464000,0.4643000,0.3908000},
{0.5460000,0.4647000,0.3900000},
{0.5454000,0.4656000,0.3892000},
{0.5447000,0.4668000,0.3885000},
{0.5438000,0.4683000,0.3878000},
{0.5427000,0.4702000,0.3872000},
{0.5415000,0.4724000,0.3867000},
{0.5400000,0.4750000,0.3863000},
{0.5384000,0.4779000,0.3858000},
{0.5367000,0.4812000,0.3853000},
{0.5347000,0.4849000,0.3849000},
{0.5328000,0.4889000,0.3845000},
{0.5309000,0.4933000,0.3842000},
{0.5289000,0.4981000,0.3837000},
{0.5271000,0.5035000,0.3831000},
{0.5252000,0.5093000,0.3822000},
{0.5234000,0.5156000,0.3811000},
{0.5217000,0.5224000,0.3798000},
{0.5202000,0.5295000,0.3785000},
{0.5187000,0.5371000,0.3769000},
{0.5171000,0.5450000,0.3752000},
{0.5158000,0.5535000,0.3732000},
{0.5148000,0.5623000,0.3709000},
{0.5140000,0.5716000,0.3685000},
{0.5135000,0.5813000,0.3658000},
{0.5132000,0.5915000,0.3629000},
{0.5133000,0.6020000,0.3598000},
{0.5138000,0.6129000,0.3565000},
{0.5143000,0.6242000,0.3529000},
{0.5162000,0.6359000,0.3488000},
{0.5181000,0.6481000,0.3444000},
{0.5207000,0.6606000,0.3397000},
{0.5239000,0.6736000,0.3348000},
{0.5276000,0.6868000,0.3297000},
{0.5320000,0.7004000,0.3244000},
{0.5367000,0.7146000,0.3192000},
{0.5424000,0.7284000,0.3139000},
{0.5487000,0.7423000,0.3086000},
{0.5558000,0.7561000,0.3033000},
{0.5635000,0.7699000,0.2980000},
{0.5719000,0.7836000,0.2928000},
{0.5809000,0.7971000,0.2878000},
{0.5905000,0.8103000,0.2831000},
{0.6005000,0.8232000,0.2785000},
{0.6112000,0.8355000,0.2743000},
{0.6224000,0.8473000,0.2702000},
{0.6337000,0.8587000,0.2664000},
{0.6453000,0.8694000,0.2629000},
{0.6569000,0.8793000,0.2598000},
{0.6685000,0.8888000,0.2572000},
{0.6798000,0.8971000,0.2545000},
{0.6908000,0.9050000,0.2523000},
{0.7015000,0.9121000,0.2503000},
{0.7117000,0.9186000,0.2484000},
{0.7215000,0.9244000,0.2466000},
{0.7308000,0.9296000,0.2448000},
{0.7395000,0.9343000,0.2432000},
{0.7476000,0.9384000,0.2415000},
{0.7552000,0.9420000,0.2399000},
{0.7623000,0.9452000,0.2381000},
{0.7691000,0.9480000,0.2360000},
{0.7750000,0.9504000,0.2342000},
{0.7805000,0.9525000,0.2323000},
{0.7853000,0.9543000,0.2302000},
{0.7897000,0.9559000,0.2280000},
{0.7935000,0.9572000,0.2258000},
{0.7968000,0.9582000,0.2235000},
{0.7998000,0.9591000,0.2213000},
{0.8023000,0.9598000,0.2190000},
{0.8046000,0.9602000,0.2166000},
{0.8065000,0.9604000,0.2143000},
{0.8082000,0.9605000,0.2120000},
{0.8096000,0.9604000,0.2096000},
{0.8106000,0.9602000,0.2074000},
{0.8114000,0.9600000,0.2051000},
{0.8119000,0.9596000,0.2028000}
};
inPtsRUA0 = {
{0.6117000,0.5443000,0.4681000},
{0.6115000,0.5442000,0.4677000},
{0.6111000,0.5445000,0.4672000},
{0.6105000,0.5453000,0.4668000},
{0.6098000,0.5463000,0.4663000},
{0.6090000,0.5477000,0.4658000},
{0.6083000,0.5492000,0.4654000},
{0.6075000,0.5511000,0.4651000},
{0.6067000,0.5532000,0.4647000},
{0.6058000,0.5555000,0.4645000},
{0.6049000,0.5583000,0.4643000},
{0.6039000,0.5612000,0.4640000},
{0.6029000,0.5646000,0.4636000},
{0.6019000,0.5683000,0.4632000},
{0.6009000,0.5723000,0.4627000},
{0.6001000,0.5767000,0.4622000},
{0.5993000,0.5813000,0.4615000},
{0.5985000,0.5864000,0.4607000},
{0.5978000,0.5917000,0.4598000},
{0.5973000,0.5973000,0.4588000},
{0.5969000,0.6033000,0.4576000},
{0.5965000,0.6097000,0.4562000},
{0.5963000,0.6165000,0.4547000},
{0.5963000,0.6235000,0.4530000},
{0.5965000,0.6309000,0.4512000},
{0.5969000,0.6385000,0.4492000},
{0.5974000,0.6463000,0.4471000},
{0.5983000,0.6543000,0.4449000},
{0.5996000,0.6625000,0.4425000},
{0.6010000,0.6710000,0.4401000},
{0.6029000,0.6797000,0.4373000},
{0.6050000,0.6885000,0.4345000},
{0.6075000,0.6976000,0.4315000},
{0.6101000,0.7075000,0.4283000},
{0.6134000,0.7170000,0.4249000},
{0.6172000,0.7269000,0.4213000},
{0.6213000,0.7372000,0.4178000},
{0.6260000,0.7475000,0.4141000},
{0.6310000,0.7578000,0.4104000},
{0.6365000,0.7682000,0.4068000},
{0.6424000,0.7785000,0.4033000},
{0.6488000,0.7886000,0.3999000},
{0.6554000,0.7983000,0.3966000},
{0.6623000,0.8078000,0.3935000},
{0.6696000,0.8169000,0.3906000},
{0.6770000,0.8256000,0.3879000},
{0.6845000,0.8339000,0.3854000},
{0.6922000,0.8418000,0.3832000},
{0.6998000,0.8491000,0.3810000},
{0.7074000,0.8559000,0.3788000},
{0.7151000,0.8623000,0.3770000},
{0.7227000,0.8683000,0.3753000},
{0.7300000,0.8739000,0.3738000},
{0.7371000,0.8791000,0.3724000},
{0.7438000,0.8839000,0.3710000},
{0.7502000,0.8884000,0.3696000},
{0.7561000,0.8925000,0.3682000},
{0.7616000,0.8964000,0.3668000},
{0.7668000,0.8999000,0.3654000},
{0.7716000,0.9031000,0.3640000},
{0.7759000,0.9060000,0.3624000},
{0.7800000,0.9088000,0.3608000},
{0.7836000,0.9113000,0.3591000},
{0.7870000,0.9136000,0.3572000},
{0.7900000,0.9158000,0.3553000},
{0.7927000,0.9179000,0.3533000},
{0.7952000,0.9197000,0.3513000},
{0.7973000,0.9214000,0.3493000},
{0.7991000,0.9230000,0.3472000},
{0.8006000,0.9244000,0.3451000},
{0.8019000,0.9257000,0.3429000},
{0.8029000,0.9267000,0.3408000},
{0.8037000,0.9277000,0.3386000},
{0.8044000,0.9285000,0.3365000},
{0.8049000,0.9293000,0.3344000},
{0.8053000,0.9300000,0.3323000},
{0.8055000,0.9305000,0.3302000}
};
inPtsRSh0 = {
{0.7217000,0.6349000,0.5868000},
{0.7214000,0.6349000,0.5866000},
{0.7211000,0.6351000,0.5864000},
{0.7208000,0.6355000,0.5861000},
{0.7207000,0.6359000,0.5862000},
{0.7206000,0.6366000,0.5860000},
{0.7203000,0.6374000,0.5859000},
{0.7204000,0.6382000,0.5858000},
{0.7205000,0.6391000,0.5858000},
{0.7206000,0.6401000,0.5858000},
{0.7207000,0.6413000,0.5858000},
{0.7208000,0.6427000,0.5858000},
{0.7211000,0.6441000,0.5857000},
{0.7215000,0.6457000,0.5857000},
{0.7219000,0.6475000,0.5858000},
{0.7224000,0.6494000,0.5859000},
{0.7230000,0.6514000,0.5860000},
{0.7237000,0.6535000,0.5861000},
{0.7244000,0.6557000,0.5862000},
{0.7251000,0.6580000,0.5862000},
{0.7259000,0.6605000,0.5861000},
{0.7265000,0.6632000,0.5860000},
{0.7272000,0.6660000,0.5858000},
{0.7279000,0.6688000,0.5855000},
{0.7285000,0.6717000,0.5851000},
{0.7293000,0.6747000,0.5847000},
{0.7302000,0.6778000,0.5842000},
{0.7312000,0.6810000,0.5835000},
{0.7319000,0.6844000,0.5828000},
{0.7329000,0.6877000,0.5821000},
{0.7339000,0.6910000,0.5814000},
{0.7350000,0.6945000,0.5806000},
{0.7361000,0.6979000,0.5799000},
{0.7371000,0.7016000,0.5791000},
{0.7381000,0.7053000,0.5782000},
{0.7390000,0.7091000,0.5772000},
{0.7400000,0.7131000,0.5760000},
{0.7413000,0.7171000,0.5747000},
{0.7422000,0.7213000,0.5740000},
{0.7435000,0.7253000,0.5728000},
{0.7447000,0.7294000,0.5720000},
{0.7459000,0.7334000,0.5711000},
{0.7470000,0.7375000,0.5703000},
{0.7482000,0.7416000,0.5694000},
{0.7493000,0.7457000,0.5686000},
{0.7503000,0.7496000,0.5678000},
{0.7514000,0.7534000,0.5670000},
{0.7525000,0.7572000,0.5662000},
{0.7536000,0.7611000,0.5654000},
{0.7545000,0.7649000,0.5645000},
{0.7555000,0.7686000,0.5636000},
{0.7565000,0.7722000,0.5627000},
{0.7575000,0.7758000,0.5620000},
{0.7584000,0.7793000,0.5612000},
{0.7592000,0.7828000,0.5604000},
{0.7600000,0.7862000,0.5596000},
{0.7606000,0.7896000,0.5587000},
{0.7612000,0.7929000,0.5577000},
{0.7618000,0.7962000,0.5568000},
{0.7623000,0.7995000,0.5558000},
{0.7628000,0.8026000,0.5549000},
{0.7633000,0.8058000,0.5538000},
{0.7637000,0.8089000,0.5526000},
{0.7640000,0.8120000,0.5512000},
{0.7642000,0.8151000,0.5497000},
{0.7644000,0.8180000,0.5482000},
{0.7646000,0.8210000,0.5466000},
{0.7647000,0.8239000,0.5450000},
{0.7648000,0.8267000,0.5433000},
{0.7648000,0.8296000,0.5417000},
{0.7648000,0.8323000,0.5402000},
{0.7647000,0.8350000,0.5386000},
{0.7646000,0.8375000,0.5370000},
{0.7644000,0.8399000,0.5354000},
{0.7642000,0.8422000,0.5339000},
{0.7640000,0.8444000,0.5323000},
{0.7637000,0.8465000,0.5307000}
};
inPtsRCh0 = {
{0.7546000,0.6231000,0.4453000},
{0.7545000,0.6226000,0.4454000},
{0.7545000,0.6221000,0.4455000},
{0.7544000,0.6216000,0.4455000},
{0.7544000,0.6211000,0.4456000},
{0.7543000,0.6206000,0.4456000},
{0.7543000,0.6202000,0.4457000},
{0.7542000,0.6197000,0.4457000},
{0.7542000,0.6192000,0.4458000},
{0.7541000,0.6187000,0.4458000},
{0.7541000,0.6182000,0.4459000},
{0.7540000,0.6178000,0.4459000},
{0.7540000,0.6173000,0.4460000},
{0.7539000,0.6168000,0.4460000},
{0.7539000,0.6163000,0.4461000},
{0.7538000,0.6158000,0.4461000},
{0.7538000,0.6154000,0.4462000},
{0.7537000,0.6149000,0.4462000},
{0.7537000,0.6144000,0.4463000},
{0.7536000,0.6139000,0.4464000},
{0.7536000,0.6134000,0.4464000},
{0.7535000,0.6129000,0.4465000},
{0.7534000,0.6125000,0.4465000},
{0.7534000,0.6120000,0.4466000},
{0.7533000,0.6115000,0.4466000},
{0.7533000,0.6110000,0.4467000},
{0.7532000,0.6105000,0.4467000},
{0.7532000,0.6101000,0.4468000},
{0.7531000,0.6096000,0.4468000},
{0.7531000,0.6091000,0.4469000},
{0.7530000,0.6086000,0.4469000},
{0.7530000,0.6081000,0.4470000},
{0.7529000,0.6077000,0.4470000},
{0.7529000,0.6077000,0.4470000},
{0.7542000,0.6118000,0.4462000},
{0.7547000,0.6153000,0.4458000},
{0.7551000,0.6189000,0.4453000},
{0.7556000,0.6224000,0.4448000},
{0.7561000,0.6259000,0.4442000},
{0.7567000,0.6293000,0.4436000},
{0.7573000,0.6328000,0.4431000},
{0.7578000,0.6361000,0.4426000},
{0.7584000,0.6393000,0.4421000},
{0.7585000,0.6419000,0.4417000},
{0.7583000,0.6444000,0.4413000},
{0.7580000,0.6468000,0.4410000},
{0.7579000,0.6492000,0.4406000},
{0.7576000,0.6516000,0.4402000},
{0.7573000,0.6541000,0.4398000},
{0.7570000,0.6566000,0.4394000},
{0.7566000,0.6592000,0.4389000},
{0.7562000,0.6619000,0.4385000},
{0.7553000,0.6645000,0.4382000},
{0.7554000,0.6675000,0.4379000},
{0.7552000,0.6704000,0.4375000},
{0.7549000,0.6736000,0.4369000},
{0.7547000,0.6768000,0.4363000},
{0.7544000,0.6800000,0.4356000},
{0.7539000,0.6830000,0.4351000},
{0.7534000,0.6861000,0.4347000},
{0.7531000,0.6892000,0.4344000},
{0.7528000,0.6920000,0.4341000},
{0.7522000,0.6949000,0.4335000},
{0.7520000,0.6977000,0.4329000},
{0.7515000,0.7004000,0.4323000},
{0.7511000,0.7030000,0.4316000},
{0.7508000,0.7056000,0.4310000},
{0.7503000,0.7080000,0.4303000},
{0.7499000,0.7104000,0.4297000},
{0.7495000,0.7127000,0.4290000},
{0.7491000,0.7149000,0.4284000},
{0.7486000,0.7170000,0.4277000},
{0.7481000,0.7190000,0.4271000},
{0.7476000,0.7210000,0.4265000},
{0.7472000,0.7228000,0.4258000},
{0.7467000,0.7245000,0.4252000},
{0.7463000,0.7262000,0.4245000}
};
inPtsMCh0 = {
{0.8213000,0.5027000,0.4409000},
{0.8212000,0.5028000,0.4410000},
{0.8210000,0.5029000,0.4410000},
{0.8208000,0.5031000,0.4410000},
{0.8206000,0.5033000,0.4411000},
{0.8204000,0.5035000,0.4412000},
{0.8203000,0.5039000,0.4413000},
{0.8202000,0.5042000,0.4414000},
{0.8200000,0.5046000,0.4415000},
{0.8199000,0.5052000,0.4416000},
{0.8198000,0.5058000,0.4416000},
{0.8195000,0.5064000,0.4417000},
{0.8192000,0.5070000,0.4418000},
{0.8188000,0.5077000,0.4419000},
{0.8184000,0.5086000,0.4421000},
{0.8181000,0.5096000,0.4423000},
{0.8175000,0.5106000,0.4426000},
{0.8170000,0.5115000,0.4428000},
{0.8166000,0.5127000,0.4431000},
{0.8161000,0.5137000,0.4434000},
{0.8157000,0.5149000,0.4438000},
{0.8152000,0.5159000,0.4441000},
{0.8149000,0.5171000,0.4444000},
{0.8145000,0.5183000,0.4446000},
{0.8141000,0.5194000,0.4449000},
{0.8138000,0.5205000,0.4451000},
{0.8135000,0.5218000,0.4454000},
{0.8132000,0.5232000,0.4456000},
{0.8128000,0.5246000,0.4458000},
{0.8123000,0.5259000,0.4460000},
{0.8118000,0.5273000,0.4461000},
{0.8113000,0.5289000,0.4461000},
{0.8107000,0.5303000,0.4462000},
{0.8100000,0.5318000,0.4462000},
{0.8096000,0.5334000,0.4461000},
{0.8089000,0.5349000,0.4461000},
{0.8083000,0.5365000,0.4460000},
{0.8076000,0.5382000,0.4460000},
{0.8068000,0.5397000,0.4458000},
{0.8061000,0.5416000,0.4456000},
{0.8053000,0.5432000,0.4455000},
{0.8046000,0.5450000,0.4454000},
{0.8037000,0.5466000,0.4453000},
{0.8029000,0.5485000,0.4453000},
{0.8019000,0.5503000,0.4453000},
{0.8007000,0.5522000,0.4453000},
{0.7995000,0.5540000,0.4452000},
{0.7983000,0.5559000,0.4452000},
{0.7970000,0.5580000,0.4450000},
{0.7955000,0.5601000,0.4450000},
{0.7941000,0.5622000,0.4448000},
{0.7926000,0.5645000,0.4448000},
{0.7875000,0.5648000,0.4457000},
{0.7863000,0.5673000,0.4456000},
{0.7849000,0.5698000,0.4455000},
{0.7834000,0.5725000,0.4455000},
{0.7819000,0.5751000,0.4453000},
{0.7804000,0.5779000,0.4452000},
{0.7790000,0.5807000,0.4451000},
{0.7775000,0.5835000,0.4450000},
{0.7760000,0.5863000,0.4450000},
{0.7746000,0.5889000,0.4449000},
{0.7732000,0.5917000,0.4449000},
{0.7719000,0.5942000,0.4449000},
{0.7706000,0.5969000,0.4448000},
{0.7694000,0.5993000,0.4447000},
{0.7682000,0.6019000,0.4446000},
{0.7671000,0.6042000,0.4446000},
{0.7659000,0.6066000,0.4446000},
{0.7649000,0.6089000,0.4446000},
{0.7639000,0.6111000,0.4446000},
{0.7630000,0.6133000,0.4445000},
{0.7621000,0.6154000,0.4445000},
{0.7612000,0.6175000,0.4445000},
{0.7604000,0.6194000,0.4444000},
{0.7597000,0.6212000,0.4443000},
{0.7589000,0.6229000,0.4443000}
};
inPtsLCh0 = {
{0.8434000,0.4806000,0.3875000},
{0.8432000,0.4804000,0.3875000},
{0.8430000,0.4802000,0.3875000},
{0.8427000,0.4800000,0.3874000},
{0.8425000,0.4798000,0.3874000},
{0.8423000,0.4796000,0.3874000},
{0.8420000,0.4794000,0.3874000},
{0.8418000,0.4792000,0.3874000},
{0.8416000,0.4790000,0.3874000},
{0.8413000,0.4788000,0.3874000},
{0.8411000,0.4786000,0.3873000},
{0.8409000,0.4784000,0.3873000},
{0.8406000,0.4783000,0.3873000},
{0.8404000,0.4781000,0.3873000},
{0.8402000,0.4779000,0.3873000},
{0.8399000,0.4777000,0.3873000},
{0.8397000,0.4775000,0.3873000},
{0.8395000,0.4773000,0.3872000},
{0.8392000,0.4771000,0.3872000},
{0.8390000,0.4769000,0.3872000},
{0.8388000,0.4767000,0.3872000},
{0.8385000,0.4765000,0.3872000},
{0.8383000,0.4763000,0.3872000},
{0.8381000,0.4761000,0.3872000},
{0.8378000,0.4760000,0.3871000},
{0.8376000,0.4758000,0.3871000},
{0.8374000,0.4756000,0.3871000},
{0.8371000,0.4754000,0.3871000},
{0.8371000,0.4754000,0.3871000},
{0.8375000,0.4774000,0.3862000},
{0.8367000,0.4784000,0.3861000},
{0.8358000,0.4794000,0.3861000},
{0.8350000,0.4805000,0.3861000},
{0.8341000,0.4817000,0.3861000},
{0.8330000,0.4828000,0.3861000},
{0.8320000,0.4840000,0.3859000},
{0.8310000,0.4853000,0.3858000},
{0.8299000,0.4865000,0.3856000},
{0.8289000,0.4879000,0.3854000},
{0.8279000,0.4892000,0.3853000},
{0.8267000,0.4906000,0.3850000},
{0.8255000,0.4919000,0.3848000},
{0.8243000,0.4933000,0.3847000},
{0.8229000,0.4946000,0.3846000},
{0.8215000,0.4961000,0.3845000},
{0.8200000,0.4976000,0.3844000},
{0.8186000,0.4992000,0.3843000},
{0.8170000,0.5009000,0.3843000},
{0.8154000,0.5026000,0.3842000},
{0.8137000,0.5043000,0.3842000},
{0.8120000,0.5062000,0.3841000},
{0.8102000,0.5081000,0.3841000},
{0.8082000,0.5101000,0.3842000},
{0.8062000,0.5121000,0.3844000},
{0.8044000,0.5143000,0.3844000},
{0.8025000,0.5165000,0.3845000},
{0.8006000,0.5189000,0.3845000},
{0.7986000,0.5213000,0.3847000},
{0.7968000,0.5238000,0.3848000},
{0.7949000,0.5262000,0.3849000},
{0.7932000,0.5286000,0.3851000},
{0.7914000,0.5310000,0.3852000},
{0.7897000,0.5333000,0.3854000},
{0.7880000,0.5357000,0.3855000},
{0.7864000,0.5378000,0.3858000},
{0.7844000,0.5400000,0.3859000},
{0.7834000,0.5421000,0.3863000},
{0.7817000,0.5441000,0.3865000},
{0.7804000,0.5460000,0.3868000},
{0.7791000,0.5480000,0.3872000},
{0.7778000,0.5498000,0.3876000},
{0.7766000,0.5515000,0.3880000},
{0.7757000,0.5532000,0.3884000},
{0.7747000,0.5549000,0.3887000},
{0.7738000,0.5565000,0.3891000},
{0.7730000,0.5580000,0.3895000},
{0.7721000,0.5595000,0.3898000}
};
inPtsRWrWam0 = {
{0.5230763,-0.0034522,0.1886341},
{0.5224640,-0.0037703,0.1889109},
{0.5213946,-0.0034305,0.1894815},
{0.5199196,-0.0024923,0.1903139},
{0.5181004,-0.0008938,0.1912105},
{0.5155938,0.0007898,0.1927951},
{0.5127348,0.0029539,0.1944461},
{0.5095104,0.0057075,0.1966043},
{0.5061304,0.0091979,0.1991923},
{0.5027807,0.0132003,0.2020412},
{0.4994929,0.0177833,0.2054144},
{0.4962149,0.0231253,0.2090187},
{0.4924987,0.0288061,0.2128164},
{0.4884540,0.0349923,0.2169840},
{0.4840653,0.0418116,0.2214915},
{0.4791762,0.0493424,0.2260403},
{0.4743162,0.0577624,0.2308757},
{0.4692441,0.0669936,0.2357960},
{0.4641136,0.0770553,0.2406150},
{0.4590073,0.0875174,0.2453018},
{0.4537040,0.0988858,0.2501281},
{0.4488113,0.1108525,0.2544774},
{0.4435583,0.1237044,0.2585538},
{0.4384167,0.1371189,0.2622928},
{0.4334617,0.1512581,0.2650294},
{0.4288721,0.1661987,0.2675067},
{0.4244481,0.1819834,0.2694805},
{0.4199339,0.1981361,0.2709562},
{0.4155502,0.2147344,0.2716002},
{0.4114125,0.2323524,0.2722313},
{0.4070080,0.2503870,0.2716611},
{0.4031271,0.2693494,0.2707523},
{0.3994084,0.2889364,0.2692372},
{0.3958363,0.3091362,0.2668073},
{0.3927560,0.3298004,0.2639004},
{0.3901384,0.3510815,0.2599325},
{0.3878532,0.3731975,0.2553767},
{0.3860347,0.3948110,0.2502506},
{0.3852012,0.4165234,0.2443131},
{0.3846406,0.4384168,0.2378539},
{0.3850523,0.4603715,0.2309522},
{0.3860890,0.4824318,0.2234116},
{0.3876731,0.5042861,0.2151365},
{0.3895604,0.5259563,0.2061937},
{0.3922382,0.5474026,0.1969893},
{0.3953050,0.5686040,0.1871128},
{0.3989949,0.5895506,0.1769977},
{0.4033745,0.6100752,0.1668378},
{0.4081136,0.6300105,0.1563165},
{0.4132273,0.6492130,0.1453647},
{0.4188690,0.6680035,0.1338150},
{0.4245881,0.6853896,0.1226578},
{0.4309366,0.7019886,0.1115059},
{0.4376869,0.7175741,0.1006405},
{0.4450281,0.7317887,0.0901365},
{0.4526261,0.7448099,0.0801961},
{0.4605062,0.7565747,0.0706456},
{0.4683807,0.7672428,0.0614957},
{0.4760986,0.7764662,0.0530291},
{0.4835961,0.7848064,0.0450021},
{0.4911107,0.7917717,0.0377568},
{0.4985151,0.7977458,0.0312589},
{0.5053875,0.8025654,0.0249618},
{0.5120269,0.8066456,0.0191146},
{0.5180713,0.8096733,0.0138172},
{0.5238949,0.8118866,0.0089700},
{0.5291878,0.8132080,0.0042175},
{0.5338701,0.8138575,-0.0000050},
{0.5383049,0.8142400,-0.0040821},
{0.5423074,0.8137620,-0.0079100},
{0.5457612,0.8130240,-0.0113081},
{0.5488068,0.8119760,-0.0148726},
{0.5515825,0.8107380,-0.0180787},
{0.5538938,0.8092110,-0.0211118},
{0.5558095,0.8074360,-0.0243209},
{0.5574304,0.8055865,-0.0271782},
{0.5586480,0.8035301,-0.0302501}
};
inPtsRLaWam0 = {
{0.4789055,0.1675685,0.2519198},
{0.4781296,0.1673253,0.2520247},
{0.4770253,0.1678835,0.2520968},
{0.4754137,0.1690612,0.2522350},
{0.4736281,0.1709461,0.2524560},
{0.4714942,0.1731085,0.2529584},
{0.4690115,0.1757416,0.2531498},
{0.4661145,0.1789897,0.2538318},
{0.4628323,0.1829205,0.2545198},
{0.4594376,0.1873844,0.2554420},
{0.4559162,0.1924196,0.2564417},
{0.4521270,0.1981278,0.2577632},
{0.4480927,0.2042189,0.2590575},
{0.4442038,0.2109377,0.2604404},
{0.4399023,0.2182758,0.2618761},
{0.4352754,0.2263587,0.2631503},
{0.4307832,0.2353762,0.2645250},
{0.4260413,0.2451601,0.2657975},
{0.4212198,0.2557110,0.2668108},
{0.4166379,0.2666041,0.2675179},
{0.4122611,0.2784742,0.2682976},
{0.4083027,0.2908583,0.2688616},
{0.4042564,0.3040801,0.2689196},
{0.4004312,0.3178392,0.2687055},
{0.3968387,0.3322393,0.2678549},
{0.3939493,0.3474172,0.2666937},
{0.3911468,0.3633388,0.2651812},
{0.3885660,0.3796351,0.2633536},
{0.3863043,0.3963458,0.2608530},
{0.3848843,0.4140549,0.2583122},
{0.3839464,0.4321790,0.2544938},
{0.3833921,0.4511746,0.2506895},
{0.3834873,0.4706684,0.2461746},
{0.3841895,0.4907295,0.2410543},
{0.3854372,0.5111289,0.2355790},
{0.3874712,0.5319976,0.2292404},
{0.3898446,0.5539224,0.2233752},
{0.3932722,0.5751068,0.2169100},
{0.3978552,0.5963523,0.2101498},
{0.4030239,0.6176207,0.2031428},
{0.4094496,0.6387688,0.1960106},
{0.4166493,0.6599138,0.1887254},
