2,1,92/62,436.009, 33.1863, 10.2018, 0.401373, -0.874256, 0.273087, -0.832266, -0.223643, 0.507264, 0.382405, 0.430883, 0.817378, , -0.844935, 0.613952, 1.8474, 0.0551256, 0.737096, 425.934, 30.4067, 11.7429, 16.607, 0.323749, 4.53503, 11.7429
1,1,109,415.714, 12.1339, 0.109799, 0.250192, -0.942872, 0.219992, 0.623815, -0.0167852, -0.781391, 0.740445, 0.332732, 0.583979, 0.903849, -0.422328, 0.947175, 1.34899, 0.000603346, 0.0209007, 414.77, 11.9728, 0.125125, 0.176953, 3.77468e-05, 0.00130765, 0.125125
2,1,109,415.714, 12.1339, 0.109799, 0.250192, -0.942872, 0.219992, 0.623815, -0.0167852, -0.781391, 0.740445, 0.332732, 0.583979, 0.903849, -0.422328, 0.947175, 1.34899, 0.000603346, 0.0209007, 414.77, 11.9728, 0.125125, 0.176953, 3.77468e-05, 0.00130765, 0.125125
7,1,73,300.188, 23.1535, 0.102733, -0.237536, 0.929901, -0.280823, -0.491633, 0.134248, 0.860392, -0.837779, -0.342436, -0.425281, 0.815536, -0.38802, 2.01007, 1.28615, 0.000802043, 0.0104836, 299.254, 22.8942, 0.120007, 0.169716, 4.81254e-05, 0.000629057, 0.120007
8,1,73,300.188, 23.1535, 0.102733, -0.237536, 0.929901, -0.280823, -0.491633, 0.134248, 0.860392, -0.837779, -0.342436, -0.425281, 0.815536, -0.38802, 2.01007, 1.28615, 0.000802043, 0.0104836, 299.254, 22.8942, 0.120007, 0.169716, 4.81254e-05, 0.000629057, 0.120007
10,1,90,446.234, 15.5893, 0.306195, -0.507926, 0.799876, -0.319702, -0.625395, -0.0872022, 0.775421, -0.592362, -0.593796, -0.544531, 0.927466, -0.786607, 2.14663, 1.24538, 0.00173904, 0.0512896, 443.211, 15.0243, 0.38538, 0.545009, 0.000335095, 0.00988516, 0.38538
11,1,96,433.326, 15.6415, 0.206032, 0.514582, -0.790122, 0.333035, 0.485725, -0.0514604, -0.872596, 0.706595, 0.610786, 0.357301, 0.825433, -0.712799, 1.20542, 1.23128, 0.00115083, 0.0325008, 431.391, 15.2739, 0.248228, 0.351048, 0.000142834, 0.00403416, 0.248228
14,1,74,341.175, 19.5793, 0.339865, 0.424823, -0.865516, 0.265345, 0.494937, -0.023364, -0.868615, 0.757999, 0.500336, 0.41845, 0.847481, -0.583425, 1.13906, 1.30223, 0.00262217, 0.0471307, 337.907, 18.7964, 0.443024, 0.626531, 0.000580843, 0.0104419, 0.443024
15,1,87,435.337, 29.0735, 0.216589, 0.567063, -0.796742, 0.208905, 0.404815, 0.0487034, -0.913101, 0.717332, 0.602353, 0.350151, 0.820061, -0.698492, 1.21306, 1.36034, 0.00122155, 0.0185551, 433.185, 28.5175, 0.264579, 0.374172, 0.000161599, 0.00245472, 0.264579
16,1,94,725.964, 38.1129, 0.508593, -0.703775, 0.669017, -0.238991, 0.622711, 0.419006, -0.660806, 0.341952, 0.613881, 0.711491, 0.976832, -1.06257, 0.779179, 1.32947, 0.00187334, 0.0367533, 719.709, 36.6799, 0.674131, 0.953365, 0.000631439, 0.0123897, 0.674131
19,1,91,418.858, 9.50597, 0.123158, -0.519763, 0.833959, -0.185361, 0.491076, 0.114111, -0.86361, -0.699064, -0.539899, -0.468848, 0.883185, -0.657632, 2.05878, 1.75724, 0.000685855, 0.0307035, 417.687, 9.32957, 0.143236, 0.202567, 4.91197e-05, 0.0021991, 0.143236
20,1,91,418.858, 9.50597, 0.123158, -0.519763, 0.833959, -0.185361, 0.491076, 0.114111, -0.86361, -0.699064, -0.539899, -0.468848, 0.883185, -0.657632, 2.05878, 1.75724, 0.000685855, 0.0307035, 417.687, 9.32957, 0.143236, 0.202567, 4.91197e-05, 0.0021991, 0.143236
21,1,85,449.504, 21.6827, 0.228444, 0.521048, -0.811482, 0.264587, 0.554233, 0.0859243, -0.827915, 0.649104, 0.578026, 0.49452, 0.901492, -0.727541, 1.05351, 1.30302, 0.00125723, 0.0265548, 447.168, 21.1697, 0.281096, 0.39753, 0.000176701, 0.00373245, 0.281096
22,1,85,449.504, 21.6827, 0.228444, 0.521048, -0.811482, 0.264587, 0.554233, 0.0859243, -0.827915, 0.649104, 0.578026, 0.49452, 0.901492, -0.727541, 1.05351, 1.30302, 0.00125723, 0.0265548, 447.168, 21.1697, 0.281096, 0.39753, 0.000176701, 0.00373245, 0.281096
23,1,71,407.527, 17.5861, 0.245478, 0.53717, -0.797903, 0.273495, 0.491343, 0.0324532, -0.870362, -0.685588, -0.601912, -0.409477, 0.856223, -0.720498, 1.99268, 1.84782, 0.00153269, 0.0364191, 404.886, 17.0376, 0.310282, 0.438805, 0.000237783, 0.00565072, 0.310282
24,1,89,624.661, 41.0478, 0.415106, -0.635116, 0.738998, -0.224742, 0.584501, 0.269598, -0.765294, 0.504961, 0.617413, 0.603171, 0.952151, -0.885256, 0.923325, 1.34412, 0.00174534, 0.0271793, 619.783, 39.7973, 0.540865, 0.764899, 0.000471996, 0.00735063, 0.540865
26,1,88,354.746, 21.2699, 0.416115, 0.131022, -0.941091, 0.31174, -0.502465, 0.208033, 0.839197, 0.854612, 0.266591, 0.445608, 0.805908, -0.302378, 1.10894, 1.88782, 0.00309434, 0.0533335, 351.038, 20.3619, 0.543116, 0.768081, 0.000840293, 0.0144866, 0.543116
27,1,82,320.117, 22.2387, 0.238421, -0.165164, 0.949449, -0.266958, -0.492405, 0.155145, 0.856427, -0.854551, -0.272903, -0.44189, 0.805564, -0.309115, 2.0285, 1.30056, 0.00185952, 0.027268, 318.018, 21.6857, 0.295682, 0.418157, 0.000274914, 0.00403158, 0.295682
28,1,111,872.819, 48.6508, 0.537925, -0.657892, 0.709626, -0.25221, 0.570492, 0.250961, -0.782021, 0.491647, 0.658369, 0.569941, 0.937546, -0.929368, 0.964362, 1.31583, 0.00162206, 0.0298373, 866.19, 47.0856, 0.702506, 0.993493, 0.000569753, 0.0104812, 0.702506
29,1,111,872.819, 48.6508, 0.537925, -0.657892, 0.709626, -0.25221, 0.570492, 0.250961, -0.782021, 0.491647, 0.658369, 0.569941, 0.937546, -0.929368, 0.964362, 1.31583, 0.00162206, 0.0298373, 866.19, 47.0856, 0.702506, 0.993493, 0.000569753, 0.0104812, 0.702506
33,1,98,404.25, 20.7555, 0.209044, 0.345517, -0.895771, 0.279666, 0.550921, -0.0476286, -0.833197, 0.759674, 0.441957, 0.477043, 0.870859, -0.526909, 1.07351, 1.28735, 0.00125101, 0.0247583, 402.374, 20.3305, 0.251688, 0.35594, 0.000157432, 0.00311584, 0.251688
35,1,191,388.538, 71.7107, 4.54881, 0.633361, -0.748555, 0.196264, -0.773837, -0.610834, 0.167509, 0.00550496, 0.25797, 0.966137, 0.902959, -1.54946, 0.260981, 1.76834, 0.0420865, 0.253008, 360.464, 59.6498, 7.58644, 10.7289, 0.159667, 0.964867, 7.58644
39,1,100,513.571, 39.0583, 0.249739, 0.48084, -0.833739, 0.271425, 0.536142, 0.0346321, -0.843417, 0.69379, 0.551071, 0.463655, 0.881737, -0.67125, 1.08868, 1.29592, 0.00119285, 0.0158882, 511.073, 38.3695, 0.304817, 0.431077, 0.000181801, 0.00242154, 0.304817
40,1,100,513.571, 39.0583, 0.249739, 0.48084, -0.833739, 0.271425, 0.536142, 0.0346321, -0.843417, 0.69379, 0.551071, 0.463655, 0.881737, -0.67125, 1.08868, 1.29592, 0.00119285, 0.0158882, 511.073, 38.3695, 0.304817, 0.431077, 0.000181801, 0.00242154, 0.304817
41,1,89,467.823, 23.5691, 0.104374, 0.530102, -0.818631, 0.220985, 0.412953, 0.0216224, -0.910496, -0.740582, -0.573912, -0.349518, 0.81618, -0.659277, 1.92785, 1.79362, 0.000515164, 0.0103064, 466.761, 23.3309, 0.120229, 0.17003, 3.0969e-05, 0.00061957, 0.120229
42,1,83,470.957, 23.3408, 0.693628, 0.511595, -0.828902, 0.226256, 0.508533, 0.079849, -0.857332, -0.692578, -0.553666, -0.462374, 0.881345, -0.674391, 2.05147, 1.79903, 0.00420995, 0.0898671, 463.602, 21.7035, 0.975872, 1.38009, 0.00205419, 0.0438789, 0.975872
45,1,74,518.519, 23.0284, 0.201512, -0.662131, 0.719379, -0.209943, 0.437002, 0.143069, -0.888009, -0.608779, -0.679724, -0.409101, 0.860072, -0.840403, 1.99226, 1.78231, 0.000963362, 0.0220734, 516.13, 22.5249, 0.24861, 0.351588, 0.000119751, 0.00274394, 0.24861
46,1,74,518.519, 23.0284, 0.201512, -0.662131, 0.719379, -0.209943, 0.437002, 0.143069, -0.888009, -0.608779, -0.679724, -0.409101, 0.860072, -0.840403, 1.99226, 1.78231, 0.000963362, 0.0220734, 516.13, 22.5249, 0.24861, 0.351588, 0.000119751, 0.00274394, 0.24861
47,1,84,639.734, 23.0796, 0.287411, -0.573977, 0.778531, -0.253851, 0.425062, 0.0182993, -0.904979, -0.699909, -0.62734, -0.341427, 0.817034, -0.730776, 1.91923, 1.82746, 0.00113862, 0.0323227, 636.206, 22.4094, 0.362198, 0.512225, 0.000206203, 0.00585412, 0.362198
48,1,84,639.734, 23.0796, 0.287411, -0.573977, 0.778531, -0.253851, 0.425062, 0.0182993, -0.904979, -0.699909, -0.62734, -0.341427, 0.817034, -0.730776, 1.91923, 1.82746, 0.00113862, 0.0323227, 636.206, 22.4094, 0.362198, 0.512225, 0.000206203, 0.00585412, 0.362198
50,1,79,361.675, 24.2751, 0.194163, 0.362657, -0.909356, 0.203841, 0.476909, -0.00682497, -0.878926, 0.800648, 0.415962, 0.431205, 0.837861, -0.47915, 1.12497, 1.36552, 0.00131799, 0.0199298, 359.821, 23.7947, 0.23712, 0.335338, 0.00015626, 0.00236294, 0.23712
51,1,79,361.675, 24.2751, 0.194163, 0.362657, -0.909356, 0.203841, 0.476909, -0.00682497, -0.878926, 0.800648, 0.415962, 0.431205, 0.837861, -0.47915, 1.12497, 1.36552, 0.00131799, 0.0199298, 359.821, 23.7947, 0.23712, 0.335338, 0.00015626, 0.00236294, 0.23712
53,1,77,366.67, 16.0966, 0.11241, 0.31077, -0.904615, 0.291707, 0.460293, -0.125281, -0.878883, 0.831596, 0.407401, 0.377454, 0.802072, -0.455537, 1.18375, 1.27478, 0.00071998, 0.016588, 365.574, 15.8669, 0.131603, 0.186115, 4.73758e-05, 0.00109154, 0.131603
54,1,73,555.918, 29.543, 0.853284, -0.666935, 0.704115, -0.24376, 0.426248, 0.0922018, -0.899895, -0.611155, -0.704074, -0.36162, 0.832662, -0.85593, 1.9408, 1.81704, 0.00464566, 0.093388, 545.364, 27.1099, 1.26679, 1.79151, 0.00294255, 0.0591945, 1.26679
55,1,75,367.049, 17.9829, 0.559583, 0.37969, -0.881134, 0.281849, 0.528084, -0.0437147, -0.848066, -0.759581, -0.470842, -0.448714, 0.860114, -0.554902, 2.03612, 1.85652, 0.00429258, 0.0925425, 361.509, 16.7566, 0.775904, 1.09729, 0.00166532, 0.0359277, 0.775904
56,1,91,369.787, 13.4696, 0.216796, -0.162752, 0.933183, -0.320439, -0.601434, 0.163627, 0.781987, 0.782169, 0.319993, 0.534618, 0.873969, -0.388335, 1.00674, 1.89699, 0.00143367, 0.0402523, 367.85, 13.1, 0.263688, 0.372911, 0.00018902, 0.00530773, 0.263688
60,1,79,384.457, 19.0801, 0.544419, 0.371079, -0.881416, 0.292245, 0.635831, 0.0118076, -0.771738, -0.676771, -0.472194, -0.564813, 0.923927, -0.609191, 2.171, 1.86737, 0.00393623, 0.0833801, 379.097, 17.8861, 0.746107, 1.05515, 0.00146842, 0.0311233, 0.746107
61,1,91,473.853, 15.0809, 0.510052, -0.568623, 0.795355, -0.209947, 0.527367, 0.156597, -0.835082, -0.63131, -0.585566, -0.508489, 0.909354, -0.747824, 2.10423, 1.78232, 0.00289855, 0.0958631, 468.695, 14.1608, 0.679269, 0.960631, 0.000984449, 0.0325834, 0.679269
62,1,84,375.303, 11.1483, 0.978429, 0.380919, -0.862658, 0.332748, 0.515813, -0.100408, -0.850797, 0.767357, 0.495721, 0.406723, 0.839485, -0.573565, 1.15193, 1.23158, 0.00791129, 0.300599, 366.103, 9.56264, 1.44818, 2.04804, 0.00572852, 0.219315, 1.44818
63,1,81,355.048, 10.6413, 0.895511, 0.376762, -0.858381, 0.348185, 0.546575, -0.0974664, -0.831719, 0.747868, 0.503669, 0.432448, 0.856484, -0.5927, 1.12359, 1.21516, 0.00758685, 0.284142, 346.692, 9.19469, 1.31516, 1.85991, 0.00498897, 0.188113, 1.31516
65,1,78,351.114, 20.048, 0.0971435, 0.364177, -0.886588, 0.285195, 0.483128, -0.0819562, -0.871705, 0.796217, 0.455241, 0.398489, 0.826349, -0.519392, 1.16093, 1.28159, 0.000642235, 0.0113427, 350.193, 19.8281, 0.112453, 0.159033, 3.61107e-05, 0.000637767, 0.112453
67,1,72,328.789, 11.3369, 0.121717, -0.15589, 0.933143, -0.323948, -0.568079, 0.183599, 0.802233, 0.808075, 0.309087, 0.501478, 0.852089, -0.365328, 1.04549, 1.9007, 0.000880079, 0.0259272, 327.622, 11.1203, 0.144167, 0.203882, 6.34389e-05, 0.00186902, 0.144167
68,1,75,455.983, 18.9487, 0.307539, 0.316535, -0.906353, 0.279875, 0.510118, -0.086105, -0.855783, 0.79974, 0.413655, 0.435092, 0.839696, -0.477342, 1.12066, 1.28713, 0.00174849, 0.0433386, 452.59, 18.2569, 0.395675, 0.559569, 0.000345918, 0.00857534, 0.395675
71,1,93,657.161, 19.5048, 0.765639, -0.719028, 0.665907, -0.198914, 0.485831, 0.276951, -0.829015, -0.496958, -0.692723, -0.522654, 0.915728, -0.948489, 2.12076, 1.77105, 0.00331153, 0.119416, 648.15, 17.9525, 1.07318, 1.51771, 0.00177694, 0.0641539, 1.07318
72,1,153,796.29, 24.2972, 1.56791, 0.269398, -0.933615, 0.236196, 0.596023, -0.0310074, -0.802369, 0.756427, 0.356934, 0.548102, 0.891065, -0.44089, 0.990703, 1.33235, 0.00578535, 0.208555, 780.729, 21.5791, 2.2584, 3.19386, 0.00653285, 0.236358, 2.2584
74,1,88,356.771, 20.0251, 0.219991, -0.199539, 0.94037, -0.275479, -0.557681, 0.122179, 0.821014, 0.805714, 0.317454, 0.500047, 0.853622, -0.375326, 1.04714, 1.84988, 0.00151526, 0.0274849, 354.805, 19.5593, 0.26881, 0.380155, 0.000203658, 0.00369435, 0.26881
75,1,93,508.096, 25.3066, 0.249495, -0.267052, 0.902247, -0.338575, 0.602789, -0.117724, -0.789168, 0.751883, 0.414839, 0.512426, 0.885117, -0.504173, 1.03279, 1.22539, 0.00121343, 0.0248025, 505.514, 24.7304, 0.306704, 0.433745, 0.000186083, 0.00380371, 0.306704
76,1,89,680.925, 31.5992, 0.392779, 0.39561, -0.880802, 0.260154, 0.591207, 0.0274637, -0.806052, 0.702827, 0.472687, 0.531602, 0.906957, -0.592065, 1.01031, 1.30761, 0.00150429, 0.0332765, 676.105, 30.561, 0.508528, 0.719168, 0.000382486, 0.0084618, 0.508528
77,1,115,690.208, 24.8836, 0.380483, -0.116869, 0.948127, -0.295629, -0.577377, 0.177333, 0.796987, -0.80807, -0.263832, -0.526703, 0.853206, -0.315585, 2.12551, 1.27068, 0.0013891, 0.0395309, 686.117, 24.1067, 0.476543, 0.673934, 0.000330984, 0.00942033, 0.476543
78,1,115,690.208, 24.8836, 0.380483, -0.116869, 0.948127, -0.295629, -0.577377, 0.177333, 0.796987, -0.80807, -0.263832, -0.526703, 0.853206, -0.315585, 2.12551, 1.27068, 0.0013891, 0.0395309, 686.117, 24.1067, 0.476543, 0.673934, 0.000330984, 0.00942033, 0.476543
79,1,95,523.445, 28.3647, 0.836347, 0.144185, -0.947537, 0.285279, 0.674883, -0.116679, -0.728642, 0.723701, 0.297589, 0.622653, 0.913916, -0.390128, 0.898667, 1.2815, 0.00459793, 0.0897851, 514.762, 26.3435, 1.18342, 1.67361, 0.00272064, 0.0531625, 1.18342
80,1,95,523.445, 28.3647, 0.836347, 0.144185, -0.947537, 0.285279, 0.674883, -0.116679, -0.728642, 0.723701, 0.297589, 0.622653, 0.913916, -0.390128, 0.898667, 1.2815, 0.00459793, 0.0897851, 514.762, 26.3435, 1.18342, 1.67361, 0.00272064, 0.0531625, 1.18342
81,1,105,618.596, 17.672, 0.866971, 0.259217, -0.893078, 0.367721, 0.60976, -0.143934, -0.779407, 0.748999, 0.426257, 0.507253, 0.884705, -0.517391, 1.0388, 1.19424, 0.00398454, 0.150465, 609.328, 16.1055, 1.21395, 1.71678, 0.00241851, 0.0915008, 1.21395
82,1,106,756.268, 25.3246, 0.222896, 0.402602, -0.870832, 0.28207, 0.682636, 0.0803307, -0.72633, 0.609853, 0.484973, 0.626802, 0.954511, -0.671826, 0.893354, 1.28485, 0.000710937, 0.0215647, 753.646, 24.845, 0.267897, 0.378864, 9.5229e-05, 0.00288868, 0.267897
83,1,106,756.268, 25.3246, 0.222896, 0.402602, -0.870832, 0.28207, 0.682636, 0.0803307, -0.72633, 0.609853, 0.484973, 0.626802, 0.954511, -0.671826, 0.893354, 1.28485, 0.000710937, 0.0215647, 753.646, 24.845, 0.267897, 0.378864, 9.5229e-05, 0.00288868, 0.267897
84,1,89,437.863, 18.0601, 0.695924, 0.338489, -0.88899, 0.308417, 0.559619, -0.0733115, -0.825501, -0.756473, -0.452019, -0.472681, 0.870405, -0.538605, 2.06313, 1.88432, 0.00449593, 0.116119, 431.016, 16.6694, 0.96891, 1.37025, 0.00217808, 0.0563179, 0.96891
85,1,105,779.813, 28.6495, 1.37803, -0.702211, 0.680373, -0.209744, 0.567737, 0.357337, -0.74161, 0.429622, 0.639846, 0.637199, 0.96082, -0.979492, 0.879938, 1.35948, 0.00543276, 0.162391, 763.272, 25.4791, 2.07334, 2.93215, 0.005632, 0.168717, 2.07334
86,1,94,488.385, 19.1979, 0.30796, 0.525514, -0.82626, 0.202805, 0.43008, 0.0523211, -0.901273, -0.734075, -0.560854, -0.382854, 0.835312, -0.652419, 1.96368, 1.77502, 0.00159067, 0.0415349, 485.279, 18.5821, 0.385958, 0.545828, 0.000306965, 0.00801652, 0.385958
87,1,89,660.838, 23.191, 0.915991, -0.531784, 0.806827, -0.257363, 0.702356, 0.250376, -0.666339, 0.473183, 0.535109, 0.699826, 0.983539, -0.846738, 0.795642, 1.3105, 0.00408829, 0.125632, 649.766, 21.1168, 1.32822, 1.87838, 0.00271507, 0.0835432, 1.32822
88,1,65,308.787, 15.3136, 0.173475, 0.117975, -0.939497, 0.321602, -0.509934, 0.220583, 0.831451, 0.852085, 0.262086, 0.453058, 0.80909, -0.298398, 1.1006, 1.89822, 0.00139335, 0.0286496, 307.08, 14.9335, 0.213934, 0.302549, 0.000149042, 0.00306478, 0.213934
90,1,100,709.569, 30.9118, 0.428648, -0.552637, 0.777112, -0.301148, 0.565669, 0.0843864, -0.820303, -0.612054, -0.62368, -0.486223, 0.900214, -0.794806, 2.07856, 1.87669, 0.00156842, 0.0370016, 704.53, 29.8601, 0.552498, 0.781351, 0.000433274, 0.0102228, 0.552498
91,1,82,450.805, 18.4991, 0.374793, 0.484311, -0.832122, 0.270216, 0.528028, 0.0317442, -0.848633, -0.697588, -0.553684, -0.454758, 0.877043, -0.670895, 2.0429, 1.84441, 0.00218241, 0.0550685, 446.891, 17.7062, 0.48765, 0.689641, 0.000532126, 0.0134305, 0.48765
92,1,73,427.782, 22.229, 0.0897267, 0.524578, -0.80668, 0.272188, 0.43494, -0.0209112, -0.900217, 0.731878, 0.590619, 0.339888, 0.812178, -0.678989, 1.224, 1.29513, 0.000486527, 0.00943569, 426.809, 22.0071, 0.103827, 0.146833, 2.52573e-05, 0.000489843, 0.103827
HypErrShellAxesJoint = {
{425.9337564},
{30.4067209},
{11.7428903}
};
fixedLEcenterOffsetJoint: 16.6069547
planeYawsZAlongRows = {
{-0.4223284},
{-0.4223284},
{-0.3595190},
{-0.3595190},
{-0.4438982},
{-0.4438982},
{-0.3880205},
{-0.3880205},
{-0.5130809},
{-0.7866070},
{-0.7127989},
{-0.2366182},
{-0.3627966},
{-0.5834253},
{-0.6984922},
{-1.0625694},
{-0.4989337},
{-0.3126240},
{-0.6576317},
{-0.6576317},
{-0.7275410},
{-0.7275410},
{-0.7204977},
{-0.8852558},
{-0.2960059},
{-0.3023782},
{-0.3091150},
{-0.9293684},
{-0.9293684},
{-0.2922431},
{-0.2870052},
{-0.2805290},
{-0.5269090},
{-0.4893501},
{-1.5494600},
{-0.3073436},
{-0.2438483},
{-0.2282409},
{-0.6712505},
{-0.6712505},
{-0.6592769},
{-0.6743914},
{-0.4273254},
{-0.0724401},
{-0.8404030},
{-0.8404030},
{-0.7307763},
{-0.7307763},
{-0.2914922},
{-0.4791505},
{-0.4791505},
{-0.2963482},
{-0.4555368},
{-0.8559295},
{-0.5549025},
{-0.3883351},
{-0.2620195},
{-0.3211984},
{-1.3316892},
{-0.6091914},
{-0.7478245},
{-0.5735655},
{-0.5927002},
{-0.5046967},
{-0.5193918},
{-0.4774195},
{-0.3653284},
{-0.4773417},
{-0.3017324},
{-0.3208775},
{-0.9484894},
{-0.4408901},
{-0.3033331},
{-0.3753257},
{-0.5041726},
{-0.5920655},
{-0.3155853},
{-0.3155853},
{-0.3901276},
{-0.3901276},
{-0.5173910},
{-0.6718261},
{-0.6718261},
{-0.5386051},
{-0.9794920},
{-0.6524194},
{-0.8467379},
{-0.2983981},
{-0.2695535},
{-0.7948059},
{-0.6708948},
{-0.6789892}
};
planeDipsXAlongRows = {
{0.9471751},
{0.9471751},
{1.9813277},
{1.9813277},
{1.5327208},
{1.5327208},
{2.0100686},
{2.0100686},
{1.8707448},
{2.1466259},
{1.2054198},
{1.8902839},
{1.9740101},
{1.1390581},
{1.2130640},
{0.7791792},
{1.2603440},
{1.9131452},
{2.0587825},
{2.0587825},
{1.0535133},
{1.0535133},
{1.9926766},
{0.9233251},
{1.1195344},
{1.1089428},
{2.0285003},
{0.9643619},
{0.9643619},
{1.9244265},
{1.8824732},
{1.9146068},
{1.0735096},
{1.2006779},
{0.2609810},
{1.9762871},
{1.1850721},
{1.3223897},
{1.0886805},
{1.0886805},
{1.9278529},
{2.0514675},
{1.8815922},
{1.6842204},
{1.9922648},
{1.9922648},
{1.9192314},
{1.9192314},
{1.8595447},
{1.1249680},
{1.1249680},
{1.9406200},
{1.1837505},
{1.9408013},
{2.0361224},
{1.0067412},
{1.2152586},
{1.9048582},
{2.0229713},
{2.1710030},
{2.1042251},
{1.1519323},
{1.1235900},
{1.2484486},
{1.1609274},
{1.8569967},
{1.0454905},
{1.1206559},
{2.0039416},
{1.9757452},
{2.1207572},
{0.9907029},
{1.1898559},
{1.0471428},
{1.0327882},
{1.0103060},
{2.1255131},
{2.1255131},
{0.8986674},
{0.8986674},
{1.0388018},
{0.8933543},
{0.8933543},
{2.0631267},
{0.8799382},
{1.9636796},
{0.7956418},
{1.1006034},
{1.8670964},
{2.0785589},
{2.0428964},
{1.2239988}
};
planeTiltsYAlongRows = {
{1.3489900},
{1.3489900},
{1.8594870},
{1.8594870},
{1.8353070},
{1.8353070},
{1.2861452},
{1.2861452},
{1.8553983},
{1.2453818},
{1.2312754},
{1.3244982},
{1.2953938},
{1.3022347},
{1.3603411},
{1.3294699},
{1.3511236},
{1.2100265},
{1.7572350},
{1.7572350},
{1.3030205},
{1.3030205},
{1.8478212},
{1.3441184},
{1.8522662},
{1.8878200},
{1.3005611},
{1.3158329},
{1.3158329},
{1.2565951},
{1.3096087},
{1.2853144},
{1.2873504},
{1.3080350},
{1.7683425},
{1.3148763},
{1.2071975},
{1.9461493},
{1.2959230},
{1.2959230},
{1.7936209},
{1.7990281},
{1.3559888},
{1.8579764},
{1.7823132},
{1.7823132},
{1.8274555},
{1.8274555},
{1.3482155},
{1.3655171},
{1.3655171},
{1.2808959},
{1.2747849},
{1.8170375},
{1.8565169},
{1.8969892},
{1.9004914},
{1.2310742},
{1.5907386},
{1.8673694},
{1.7823169},
{1.2315802},
{1.2151621},
{1.3335444},
{1.2815868},
{1.8550280},
{1.9006954},
{1.2871327},
{1.2464145},
{1.2041666},
{1.7710458},
{1.3323475},
{1.9252146},
{1.8498845},
{1.2253940},
{1.3076146},
{1.2706828},
{1.2706828},
{1.2814990},
{1.2814990},
{1.1942395},
{1.2848450},
{1.2848450},
{1.8843245},
{1.3594830},
{1.7750178},
{1.3105038},
{1.8982169},
{1.2424931},
{1.8766922},
{1.8444140},
{1.2951299}
};
inWPtsPCAaligned = {
{20.6102347,-0.2441871,-3.4501964},
{20.6583104,-0.2475813,-3.5864946},
{20.7022073,-0.2745160,-3.7434901},
{20.7442713,-0.2750740,-3.8673057},
{20.7890662,-0.2705593,-3.9829476},
{20.8231206,-0.2737675,-4.0779739},
{20.8498805,-0.2607441,-4.1561679},
{20.8773732,-0.2481346,-4.2098815},
{20.8819191,-0.2501432,-4.2713250},
{20.8891958,-0.2470792,-4.3245947},
{20.8902957,-0.2730422,-4.3822550},
{20.8793723,-0.2933327,-4.4149501},
{20.8569754,-0.3209324,-4.4515101},
{20.8340285,-0.3355506,-4.4592400},
{20.8165434,-0.3400234,-4.4506224},
{20.7870349,-0.3388239,-4.4170395},
{20.7649861,-0.3219926,-4.3834157},
{20.7281830,-0.3045615,-4.3330005},
{20.6638516,-0.2611488,-4.3017465},
{20.5962394,-0.2098273,-4.2498360},
{20.5186018,-0.1473470,-4.1892670},
{20.4444280,-0.0802078,-4.0960438},
{20.3481875,0.0230583,-4.0056342},
{20.2391908,0.1324106,-3.9147398},
{20.1329249,0.2468355,-3.8156717},
{20.0193645,0.3774920,-3.6997712},
{19.8970615,0.5059120,-3.5795619},
{19.7842340,0.6361546,-3.4391809},
{19.6661099,0.7881152,-3.2982743},
{19.5432570,0.9295168,-3.1492348},
{19.4063649,1.0903998,-2.9953608},
{19.2707557,1.2378876,-2.8458366},
{19.0981605,1.3902387,-2.6992077},
{18.9275633,1.5480763,-2.5688855},
{18.7354672,1.7097636,-2.4337697},
{18.5266011,1.8858599,-2.3019931},
{18.2894915,2.0690559,-2.1774208},
{18.0254214,2.2459565,-2.0644024},
{17.7371216,2.4216342,-1.9547641},
{17.4240420,2.6090706,-1.8196759},
{17.0605051,2.7885748,-1.6750414},
{16.6539705,2.9757786,-1.5208196},
{16.1956957,3.1684456,-1.3527019},
{15.6984369,3.3604895,-1.1711728},
{15.1534515,3.5496739,-0.9719236},
{14.5539950,3.7392488,-0.7669522},
{13.8953386,3.9186552,-0.5481256},
{13.1989811,4.0840432,-0.3202375},
{12.4494353,4.2364263,-0.0909768},
{11.6594575,4.3697185,0.1391716},
{10.8135605,4.4849332,0.3625188},
{9.9387051,4.5883660,0.5906187},
{9.0206868,4.6676352,0.8114325},
{8.0562248,4.7306495,1.0456168},
{7.0398574,4.7672637,1.2768239},
{5.9837731,4.8036687,1.4969618},
{4.9000131,4.8148964,1.7175027},
{3.7765363,4.8259149,1.9269744},
{2.6206372,4.8204925,2.1085446},
{1.4343314,4.7848203,2.2823441},
{0.2270768,4.7400164,2.4321069},
{-1.0031246,4.6805943,2.5741399},
{-2.2577210,4.5880861,2.6959195},
{-3.5265216,4.4831962,2.8056604},
{-4.8122574,4.3608519,2.8951887},
{-6.0994412,4.2200397,2.9721936},
{-7.3895211,4.0422916,3.0241514},
{-8.6581021,3.8606937,3.0713157},
{-9.9188207,3.6305872,3.1092548},
{-11.1600386,3.3911445,3.1587069},
{-12.3859344,3.1188249,3.1989749},
{-13.5950602,2.8320965,3.2425821},
{-14.7719288,2.5299456,3.2972175},
{-15.9300295,2.2188722,3.3388856},
{-17.0310933,1.8806178,3.3661320},
{-18.0838629,1.5129458,3.3832655},
{-19.1023773,1.1353377,3.3951206},
{-20.0664206,0.7573392,3.4012534},
{-20.9734270,0.3521595,3.3929645},
{-21.8332569,-0.0371792,3.3957856},
{-22.6588317,-0.4364539,3.3933284},
{-23.4286525,-0.8495144,3.3807992},
{-24.1627701,-1.2540430,3.3755150},
{-24.8309432,-1.6516530,3.3683736},
{-25.4473760,-2.0547262,3.3473361},
{-25.9851080,-2.4569671,3.3239566},
{-26.4643551,-2.8679211,3.2986788},
{-26.8689152,-3.2697201,3.2672348},
{-27.2190041,-3.6719097,3.2300686},
{-27.5118910,-4.0694171,3.1953539},
{-27.7495917,-4.4484333,3.1429600},
{-27.9455775,-4.8217537,3.0853286},
{-28.0911060,-5.1871420,3.0181509},
{-28.1847290,-5.5261303,2.9539503},
{-28.2453798,-5.8616592,2.8888211},
{-28.2468306,-6.1870196,2.8098368},
{-28.2280654,-6.5028344,2.7304086},
{-28.1903671,-6.7957085,2.6548862},
{-28.1189814,-7.0662415,2.5664782},
{-28.0556232,-7.3201292,2.4704222},
{-27.9660373,-7.5673076,2.3614396},
{-27.8509566,-7.8073629,2.2150501},
{-27.7411724,-8.0257003,2.0691863},
{-27.6253766,-8.2468738,1.9108399},
{-27.5101486,-8.4357703,1.7448863},
{-27.4076768,-8.6185806,1.5794175},
{-27.3105016,-8.7796729,1.4144743},
{-27.2228018,-8.9425879,1.2293595},
{-27.1403987,-9.0837849,1.0447705},
{20.6102347,-0.2441871,-3.4501964},
{20.6583104,-0.2475813,-3.5864946},
{20.7022073,-0.2745160,-3.7434901},
{20.7442713,-0.2750740,-3.8673057},
{20.7890662,-0.2705593,-3.9829476},
{20.8231206,-0.2737675,-4.0779739},
{20.8498805,-0.2607441,-4.1561679},
{20.8773732,-0.2481346,-4.2098815},
{20.8819191,-0.2501432,-4.2713250},
{20.8891958,-0.2470792,-4.3245947},
{20.8902957,-0.2730422,-4.3822550},
{20.8793723,-0.2933327,-4.4149501},
{20.8569754,-0.3209324,-4.4515101},
{20.8340285,-0.3355506,-4.4592400},
{20.8165434,-0.3400234,-4.4506224},
{20.7870349,-0.3388239,-4.4170395},
{20.7649861,-0.3219926,-4.3834157},
{20.7281830,-0.3045615,-4.3330005},
{20.6638516,-0.2611488,-4.3017465},
{20.5962394,-0.2098273,-4.2498360},
{20.5186018,-0.1473470,-4.1892670},
{20.4444280,-0.0802078,-4.0960438},
{20.3481875,0.0230583,-4.0056342},
{20.2391908,0.1324106,-3.9147398},
{20.1329249,0.2468355,-3.8156717},
{20.0193645,0.3774920,-3.6997712},
{19.8970615,0.5059120,-3.5795619},
{19.7842340,0.6361546,-3.4391809},
{19.6661099,0.7881152,-3.2982743},
{19.5432570,0.9295168,-3.1492348},
{19.4063649,1.0903998,-2.9953608},
{19.2707557,1.2378876,-2.8458366},
{19.0981605,1.3902387,-2.6992077},
{18.9275633,1.5480763,-2.5688855},
{18.7354672,1.7097636,-2.4337697},
{18.5266011,1.8858599,-2.3019931},
{18.2894915,2.0690559,-2.1774208},
{18.0254214,2.2459565,-2.0644024},
{17.7371216,2.4216342,-1.9547641},
{17.4240420,2.6090706,-1.8196759},
{17.0605051,2.7885748,-1.6750414},
{16.6539705,2.9757786,-1.5208196},
{16.1956957,3.1684456,-1.3527019},
{15.6984369,3.3604895,-1.1711728},
{15.1534515,3.5496739,-0.9719236},
{14.5539950,3.7392488,-0.7669522},
{13.8953386,3.9186552,-0.5481256},
{13.1989811,4.0840432,-0.3202375},
{12.4494353,4.2364263,-0.0909768},
{11.6594575,4.3697185,0.1391716},
{10.8135605,4.4849332,0.3625188},
{9.9387051,4.5883660,0.5906187},
{9.0206868,4.6676352,0.8114325},
{8.0562248,4.7306495,1.0456168},
{7.0398574,4.7672637,1.2768239},
{5.9837731,4.8036687,1.4969618},
{4.9000131,4.8148964,1.7175027},
{3.7765363,4.8259149,1.9269744},
{2.6206372,4.8204925,2.1085446},
{1.4343314,4.7848203,2.2823441},
{0.2270768,4.7400164,2.4321069},
{-1.0031246,4.6805943,2.5741399},
{-2.2577210,4.5880861,2.6959195},
{-3.5265216,4.4831962,2.8056604},
{-4.8122574,4.3608519,2.8951887},
{-6.0994412,4.2200397,2.9721936},
{-7.3895211,4.0422916,3.0241514},
{-8.6581021,3.8606937,3.0713157},
{-9.9188207,3.6305872,3.1092548},
{-11.1600386,3.3911445,3.1587069},
{-12.3859344,3.1188249,3.1989749},
{-13.5950602,2.8320965,3.2425821},
{-14.7719288,2.5299456,3.2972175},
{-15.9300295,2.2188722,3.3388856},
{-17.0310933,1.8806178,3.3661320},
{-18.0838629,1.5129458,3.3832655},
{-19.1023773,1.1353377,3.3951206},
{-20.0664206,0.7573392,3.4012534},
{-20.9734270,0.3521595,3.3929645},
{-21.8332569,-0.0371792,3.3957856},
{-22.6588317,-0.4364539,3.3933284},
{-23.4286525,-0.8495144,3.3807992},
{-24.1627701,-1.2540430,3.3755150},
{-24.8309432,-1.6516530,3.3683736},
{-25.4473760,-2.0547262,3.3473361},
{-25.9851080,-2.4569671,3.3239566},
{-26.4643551,-2.8679211,3.2986788},
{-26.8689152,-3.2697201,3.2672348},
{-27.2190041,-3.6719097,3.2300686},
{-27.5118910,-4.0694171,3.1953539},
{-27.7495917,-4.4484333,3.1429600},
{-27.9455775,-4.8217537,3.0853286},
{-28.0911060,-5.1871420,3.0181509},
{-28.1847290,-5.5261303,2.9539503},
{-28.2453798,-5.8616592,2.8888211},
{-28.2468306,-6.1870196,2.8098368},
{-28.2280654,-6.5028344,2.7304086},
{-28.1903671,-6.7957085,2.6548862},
{-28.1189814,-7.0662415,2.5664782},
{-28.0556232,-7.3201292,2.4704222},
{-27.9660373,-7.5673076,2.3614396},
{-27.8509566,-7.8073629,2.2150501},
{-27.7411724,-8.0257003,2.0691863},
{-27.6253766,-8.2468738,1.9108399},
{-27.5101486,-8.4357703,1.7448863},
{-27.4076768,-8.6185806,1.5794175},
{-27.3105016,-8.7796729,1.4144743},
{-27.2228018,-8.9425879,1.2293595},
{-27.1403987,-9.0837849,1.0447705},
{20.7894116,0.1613244,-4.5011624},
{20.7222020,0.1485056,-4.4585180},
{20.6322107,0.1529319,-4.4067302},
{20.5261822,0.1713533,-4.3338013},
{20.3933584,0.2153424,-4.2555531},
{20.2492262,0.2838857,-4.1642967},
{20.0863261,0.3613515,-4.0600728},
{19.9026423,0.4615488,-3.9630123},
{19.7016385,0.5891364,-3.8404608},
{19.4993518,0.7301194,-3.7135597},
{19.2615272,0.8944337,-3.5770304},
{19.0098285,1.1100928,-3.4187934},
{18.7293365,1.3458332,-3.2389305},
{18.4080099,1.6266229,-3.0489137},
{18.0659173,1.9108486,-2.8296230},
{17.7023259,2.1989241,-2.6055386},
{17.3210843,2.4506635,-2.3897098},
{16.9854060,2.6679126,-2.1921676},
{16.6449989,2.8746027,-1.9864926},
{16.2856586,3.0583520,-1.7847234},
{15.8988079,3.2487873,-1.5656780},
{15.4910260,3.4107953,-1.3342318},
{15.0677748,3.5545213,-1.0740373},
{14.6081053,3.6708337,-0.8091309},
{14.1262218,3.7721142,-0.5274740},
{13.5877041,3.8364354,-0.2406613},
{13.0102025,3.9001336,0.0595625},
{12.3693220,3.9301226,0.3529443},
{11.6665107,3.9448703,0.6520074},
{10.9132420,3.9516860,0.9606169},
{10.1053370,3.9270289,1.2580753},
{9.2374991,3.8926170,1.5449085},
{8.3137421,3.8401277,1.8249405},
{7.3346160,3.7565794,2.0693411},
{6.3130421,3.6677493,2.2944987},
{5.2388298,3.5529328,2.4921987},
{4.1066827,3.4338480,2.6629668},
{2.9474099,3.2766045,2.8053077},
{1.7382296,3.0984473,2.9283647},
{0.4885995,2.9204947,3.0158722},
{-0.7901720,2.7181924,3.0548217},
{-2.0939062,2.5150810,3.0659107},
{-3.4267819,2.2876201,3.0284418},
{-4.7786085,2.0565138,2.9506297},
{-6.1628574,1.8089668,2.8449160},
{-7.5545839,1.5650836,2.7027241},
{-8.9545029,1.3059824,2.5360109},
{-10.3431137,1.0223271,2.3562894},
{-11.7149544,0.7242629,2.1799072},
{-13.0452277,0.3807356,2.0178516},
{-14.3137175,0.0012907,1.8696788},
{-15.5136792,-0.4173218,1.7473866},
{-16.6410992,-0.8834245,1.6547990},
{-17.6963978,-1.3135816,1.5647447},
{-18.6886122,-1.8123472,1.5206608},
{-19.5953991,-2.2942349,1.4497953},
{-20.4262159,-2.7803629,1.3684139},
{-21.1655756,-3.2717448,1.2842056},
{-21.7919794,-3.7722303,1.1923768},
{-22.3537215,-4.2524020,1.1030404},
{-22.8434895,-4.7477869,1.0358015},
{-23.2779061,-5.1928174,0.9677566},
{-23.6678771,-5.6270794,0.9026480},
{-23.9959172,-6.0461003,0.8318580},
{-24.2760656,-6.4303984,0.7602212},
{-24.4653246,-6.7876733,0.6781502},
{-24.6465562,-7.1615935,0.6037274},
{-24.7778804,-7.5146001,0.5485884},
{-24.8425449,-7.8418064,0.4796352},
{-24.8882763,-8.1460719,0.4145878},
{-24.9117937,-8.4353054,0.3327898},
{-24.9171108,-8.7011843,0.2304173},
{-24.9176992,-8.9565041,0.1199119},
{20.7894116,0.1613244,-4.5011624},
{20.7222020,0.1485056,-4.4585180},
{20.6322107,0.1529319,-4.4067302},
{20.5261822,0.1713533,-4.3338013},
{20.3933584,0.2153424,-4.2555531},
{20.2492262,0.2838857,-4.1642967},
{20.0863261,0.3613515,-4.0600728},
{19.9026423,0.4615488,-3.9630123},
{19.7016385,0.5891364,-3.8404608},
{19.4993518,0.7301194,-3.7135597},
{19.2615272,0.8944337,-3.5770304},
{19.0098285,1.1100928,-3.4187934},
{18.7293365,1.3458332,-3.2389305},
{18.4080099,1.6266229,-3.0489137},
{18.0659173,1.9108486,-2.8296230},
{17.7023259,2.1989241,-2.6055386},
{17.3210843,2.4506635,-2.3897098},
{16.9854060,2.6679126,-2.1921676},
{16.6449989,2.8746027,-1.9864926},
{16.2856586,3.0583520,-1.7847234},
{15.8988079,3.2487873,-1.5656780},
{15.4910260,3.4107953,-1.3342318},
{15.0677748,3.5545213,-1.0740373},
{14.6081053,3.6708337,-0.8091309},
{14.1262218,3.7721142,-0.5274740},
{13.5877041,3.8364354,-0.2406613},
{13.0102025,3.9001336,0.0595625},
{12.3693220,3.9301226,0.3529443},
{11.6665107,3.9448703,0.6520074},
{10.9132420,3.9516860,0.9606169},
{10.1053370,3.9270289,1.2580753},
{9.2374991,3.8926170,1.5449085},
{8.3137421,3.8401277,1.8249405},
{7.3346160,3.7565794,2.0693411},
{6.3130421,3.6677493,2.2944987},
{5.2388298,3.5529328,2.4921987},
{4.1066827,3.4338480,2.6629668},
{2.9474099,3.2766045,2.8053077},
{1.7382296,3.0984473,2.9283647},
{0.4885995,2.9204947,3.0158722},
{-0.7901720,2.7181924,3.0548217},
{-2.0939062,2.5150810,3.0659107},
{-3.4267819,2.2876201,3.0284418},
{-4.7786085,2.0565138,2.9506297},
{-6.1628574,1.8089668,2.8449160},
{-7.5545839,1.5650836,2.7027241},
{-8.9545029,1.3059824,2.5360109},
{-10.3431137,1.0223271,2.3562894},
{-11.7149544,0.7242629,2.1799072},
{-13.0452277,0.3807356,2.0178516},
{-14.3137175,0.0012907,1.8696788},
{-15.5136792,-0.4173218,1.7473866},
{-16.6410992,-0.8834245,1.6547990},
{-17.6963978,-1.3135816,1.5647447},
{-18.6886122,-1.8123472,1.5206608},
{-19.5953991,-2.2942349,1.4497953},
{-20.4262159,-2.7803629,1.3684139},
{-21.1655756,-3.2717448,1.2842056},
{-21.7919794,-3.7722303,1.1923768},
{-22.3537215,-4.2524020,1.1030404},
{-22.8434895,-4.7477869,1.0358015},
{-23.2779061,-5.1928174,0.9677566},
{-23.6678771,-5.6270794,0.9026480},
{-23.9959172,-6.0461003,0.8318580},
{-24.2760656,-6.4303984,0.7602212},
{-24.4653246,-6.7876733,0.6781502},
{-24.6465562,-7.1615935,0.6037274},
{-24.7778804,-7.5146001,0.5485884},
{-24.8425449,-7.8418064,0.4796352},
{-24.8882763,-8.1460719,0.4145878},
{-24.9117937,-8.4353054,0.3327898},
{-24.9171108,-8.7011843,0.2304173},
{-24.9176992,-8.9565041,0.1199119},
{21.8811899,-3.1549521,-4.6478123},
{21.8123127,-3.1095309,-4.5551148},
{21.7206537,-3.0468645,-4.4532739},
{21.6029322,-2.9590442,-4.3216333},
{21.4604310,-2.8594652,-4.1645428},
{21.2851227,-2.7314823,-3.9896503},
{21.0762922,-2.5939772,-3.7849990},
{20.8601672,-2.4402405,-3.5635154},
{20.6172467,-2.2609361,-3.3367125},
{20.3797879,-2.0714863,-3.0935621},
{20.1195474,-1.8647915,-2.8412683},
{19.8237690,-1.6347654,-2.5793464},
{19.5234269,-1.3834351,-2.2924184},
{19.1928433,-1.1304914,-1.9963879},
{18.8192621,-0.8698482,-1.6907702},
{18.4456809,-0.6092049,-1.3851526},
{18.0431411,-0.3603436,-1.0747822},
{17.6559233,-0.1443591,-0.7735961},
{17.2705561,0.0259530,-0.4691524},
{16.8749984,0.1755608,-0.1729235},
{16.4572267,0.3101366,0.1400560},
{16.0124944,0.4384169,0.4414815},
{15.5347898,0.5632379,0.7438357},
{15.0341384,0.6734408,1.0384601},
{14.4930550,0.7645526,1.3339721},
{13.9270090,0.8548554,1.6016236},
{13.3192481,0.9394625,1.8745125},
{12.6663087,1.0137150,2.1199848},
{11.9696386,1.0960809,2.3505638},
{11.2332517,1.1782376,2.5700737},
{10.4544170,1.2551123,2.7703406},
{9.6291209,1.3350278,2.9475405},
{8.7788621,1.4141342,3.0968798},
{7.8948982,1.4901952,3.2226673},
{6.9887025,1.5705197,3.3287681},
{6.0400591,1.6455624,3.4156258},
{5.0792094,1.7137097,3.4741382},
{4.0759119,1.7765752,3.5134077},
{3.0483847,1.8382178,3.5492970},
{1.9931640,1.8939787,3.5491519},
{0.9069690,1.9517668,3.5336288},
{-0.1967289,2.0243775,3.4902860},
{-1.3328491,2.0805475,3.4190417},
{-2.4851894,2.1381448,3.3156279},
{-3.6759637,2.1821376,3.1967953},
{-4.8614593,2.2237080,3.0409996},
{-6.0706167,2.2317785,2.8894310},
{-7.2947114,2.2278810,2.7013432},
{-8.5202541,2.2055156,2.5007319},
{-9.7587183,2.1573732,2.2837322},
{-10.9771316,2.0869130,2.0494154},
{-12.1895332,2.0136166,1.8026159},
{-13.3753045,1.8828892,1.5336239},
{-14.5382941,1.7349167,1.2554886},
{-15.6657458,1.5636129,0.9677252},
{-16.7509149,1.3657277,0.6823315},
{-17.8038268,1.1524201,0.4079660},
{-18.8102772,0.9360717,0.1566676},
{-19.7729970,0.7116100,-0.0797376},
{-20.6597469,0.4829079,-0.3266587},
{-21.4872790,0.2450788,-0.5509976},
{-22.2320966,-0.0002405,-0.7738546},
{-22.8961975,-0.2585367,-0.9789229},
{-23.4876093,-0.5131643,-1.1738507},
{-24.0110608,-0.7746824,-1.3505052},
{-24.4658369,-1.0242093,-1.5208431},
{-24.8606801,-1.2639815,-1.6805558},
{-25.2097948,-1.5063806,-1.8416820},
{-25.5184775,-1.7296886,-2.0036959},
{-25.7794336,-1.9501372,-2.1834299},
{-26.0241875,-2.1527176,-2.3674318},
{-26.2547371,-2.3429163,-2.5393950},
{-26.4690845,-2.5152468,-2.7156262},
{-26.6765220,-2.6589641,-2.8629863},
{-26.8602976,-2.7691815,-3.0145734},
{-27.0285861,-2.8804124,-3.1584715},
{21.8811899,-3.1549521,-4.6478123},
{21.8123127,-3.1095309,-4.5551148},
{21.7206537,-3.0468645,-4.4532739},
{21.6029322,-2.9590442,-4.3216333},
{21.4604310,-2.8594652,-4.1645428},
{21.2851227,-2.7314823,-3.9896503},
{21.0762922,-2.5939772,-3.7849990},
{20.8601672,-2.4402405,-3.5635154},
{20.6172467,-2.2609361,-3.3367125},
{20.3797879,-2.0714863,-3.0935621},
{20.1195474,-1.8647915,-2.8412683},
{19.8237690,-1.6347654,-2.5793464},
{19.5234269,-1.3834351,-2.2924184},
{19.1928433,-1.1304914,-1.9963879},
{18.8192621,-0.8698482,-1.6907702},
{18.4456809,-0.6092049,-1.3851526},
{18.0431411,-0.3603436,-1.0747822},
{17.6559233,-0.1443591,-0.7735961},
{17.2705561,0.0259530,-0.4691524},
{16.8749984,0.1755608,-0.1729235},
{16.4572267,0.3101366,0.1400560},
{16.0124944,0.4384169,0.4414815},
{15.5347898,0.5632379,0.7438357},
{15.0341384,0.6734408,1.0384601},
{14.4930550,0.7645526,1.3339721},
{13.9270090,0.8548554,1.6016236},
{13.3192481,0.9394625,1.8745125},
{12.6663087,1.0137150,2.1199848},
{11.9696386,1.0960809,2.3505638},
{11.2332517,1.1782376,2.5700737},
{10.4544170,1.2551123,2.7703406},
{9.6291209,1.3350278,2.9475405},
{8.7788621,1.4141342,3.0968798},
{7.8948982,1.4901952,3.2226673},
{6.9887025,1.5705197,3.3287681},
{6.0400591,1.6455624,3.4156258},
{5.0792094,1.7137097,3.4741382},
{4.0759119,1.7765752,3.5134077},
{3.0483847,1.8382178,3.5492970},
{1.9931640,1.8939787,3.5491519},
{0.9069690,1.9517668,3.5336288},
{-0.1967289,2.0243775,3.4902860},
{-1.3328491,2.0805475,3.4190417},
{-2.4851894,2.1381448,3.3156279},
{-3.6759637,2.1821376,3.1967953},
{-4.8614593,2.2237080,3.0409996},
{-6.0706167,2.2317785,2.8894310},
{-7.2947114,2.2278810,2.7013432},
{-8.5202541,2.2055156,2.5007319},
{-9.7587183,2.1573732,2.2837322},
{-10.9771316,2.0869130,2.0494154},
{-12.1895332,2.0136166,1.8026159},
{-13.3753045,1.8828892,1.5336239},
{-14.5382941,1.7349167,1.2554886},
{-15.6657458,1.5636129,0.9677252},
{-16.7509149,1.3657277,0.6823315},
{-17.8038268,1.1524201,0.4079660},
{-18.8102772,0.9360717,0.1566676},
{-19.7729970,0.7116100,-0.0797376},
{-20.6597469,0.4829079,-0.3266587},
{-21.4872790,0.2450788,-0.5509976},
{-22.2320966,-0.0002405,-0.7738546},
{-22.8961975,-0.2585367,-0.9789229},
{-23.4876093,-0.5131643,-1.1738507},
{-24.0110608,-0.7746824,-1.3505052},
{-24.4658369,-1.0242093,-1.5208431},
{-24.8606801,-1.2639815,-1.6805558},
{-25.2097948,-1.5063806,-1.8416820},
{-25.5184775,-1.7296886,-2.0036959},
{-25.7794336,-1.9501372,-2.1834299},
{-26.0241875,-2.1527176,-2.3674318},
{-26.2547371,-2.3429163,-2.5393950},
{-26.4690845,-2.5152468,-2.7156262},
{-26.6765220,-2.6589641,-2.8629863},
{-26.8602976,-2.7691815,-3.0145734},
{-27.0285861,-2.8804124,-3.1584715},
{24.7742282,-2.3843664,-6.4556414},
{24.6858501,-2.3296089,-6.3744569},
{24.5493428,-2.2135706,-6.2662863},
{24.4071542,-2.0309696,-6.1118867},
{24.2221330,-1.8088057,-5.9310265},
{24.0292673,-1.5574288,-5.7045039},
{23.7773490,-1.2650617,-5.4836903},
{23.5055450,-0.9185136,-5.2286863},
{23.1772720,-0.5770615,-4.9516535},
{22.8183727,-0.1891512,-4.6198147},
{22.4166409,0.2383219,-4.2615156},
{21.9613361,0.6976350,-3.8561405},
{21.4530081,1.1758066,-3.4325196},
{20.8909419,1.6539549,-2.9786960},
{20.2771355,2.1375663,-2.5109764},
{19.6188833,2.6104094,-2.0461931},
{18.9194841,3.0452797,-1.5685651},
{18.1769220,3.4559863,-1.0982231},
{17.3764428,3.8431291,-0.6183756},
{16.5266240,4.1770811,-0.1502048},
{15.6376560,4.4785469,0.3145040},
{14.7155505,4.7446901,0.7632683},
{13.7623056,4.9809972,1.1797813},
{12.7772062,5.1685865,1.5760000},
{11.7367375,5.3251168,1.9365874},
{10.6893591,5.4530340,2.2683037},
{9.6040966,5.5543650,2.5557709},
{8.5106416,5.6404781,2.8187168},
{7.3960725,5.6855962,3.0407529},
{6.2645682,5.7132600,3.2425766},
{5.1234233,5.7072379,3.4073553},
{3.9821132,5.6693525,3.5552609},
{2.8291646,5.5922948,3.6824283},
{1.6733199,5.4783012,3.7845487},
{0.5240369,5.3484899,3.8453563},
{-0.6106570,5.1862156,3.8724992},
{-1.7395044,4.9892418,3.8702863},
{-2.8422893,4.7671140,3.8382737},
{-3.9392276,4.5102868,3.7769053},
{-5.0208439,4.2205827,3.7063526},
{-6.0711011,3.8840067,3.6054745},
{-7.0987418,3.4983224,3.4785799},
{-8.0760902,3.0887070,3.3252657},
{-9.0341207,2.6571876,3.1301539},
