(* /home/sara/Dropbox/Reaching Study/Gilwoo_Automated_v2/csv_only_manual_inspection/2016_12_14_study_4_Part12_2/2016_12_14_study_4_Part12_2_37700_37885_clean_phase2.csv*)
inPtsRPi2 = {
{0.0000000,0.0000000,0.0000000},
{0.0000000,0.0000000,0.0000000},
{0.0000000,0.0000000,0.0000000},
{0.0000000,0.0000000,0.0000000},
{0.0000000,0.0000000,0.0000000},
{0.0000000,0.0000000,0.0000000},
{0.0000000,0.0000000,0.0000000},
{0.0000000,0.0000000,0.0000000},
{0.0000000,0.0000000,0.0000000},
{0.0000000,0.0000000,0.0000000},
{0.0000000,0.0000000,0.0000000},
{0.0000000,0.0000000,0.0000000},
{0.0000000,0.0000000,0.0000000},
{0.0000000,0.0000000,0.0000000},
{0.0000000,0.0000000,0.0000000},
{0.0000000,0.0000000,0.0000000},
{0.0000000,0.0000000,0.0000000},
{0.0000000,0.0000000,0.0000000},
{0.0000000,0.0000000,0.0000000},
{0.0000000,0.0000000,0.0000000},
{0.0000000,0.0000000,0.0000000},
{0.0000000,0.0000000,0.0000000},
{0.0000000,0.0000000,0.0000000},
{0.0000000,0.0000000,0.0000000},
{0.0000000,0.0000000,0.0000000},
{0.0000000,0.0000000,0.0000000},
{0.0000000,0.0000000,0.0000000},
{0.0000000,0.0000000,0.0000000},
{0.0000000,0.0000000,0.0000000},
{0.0000000,0.0000000,0.0000000},
{0.0000000,0.0000000,0.0000000},
{0.0000000,0.0000000,0.0000000},
{0.0000000,0.0000000,0.0000000}
};
inPtsRTh2 = {
{0.4175000,0.7713000,0.1683000},
{0.4085000,0.7722000,0.1709000},
{0.3994000,0.7729000,0.1735000},
{0.3901000,0.7734000,0.1759000},
{0.3807000,0.7737000,0.1782000},
{0.3713000,0.7739000,0.1803000},
{0.3618000,0.7738000,0.1824000},
{0.3522000,0.7736000,0.1843000},
{0.3427000,0.7733000,0.1861000},
{0.3332000,0.7728000,0.1878000},
{0.3236000,0.7722000,0.1893000},
{0.3139000,0.7714000,0.1907000},
{0.3041000,0.7706000,0.1919000},
{0.2942000,0.7698000,0.1930000},
{0.2842000,0.7691000,0.1939000},
{0.2743000,0.7684000,0.1946000},
{0.2643000,0.7677000,0.1952000},
{0.2545000,0.7670000,0.1956000},
{0.2448000,0.7662000,0.1958000},
{0.2354000,0.7653000,0.1958000},
{0.2260000,0.7645000,0.1959000},
{0.2171000,0.7634000,0.1955000},
{0.2085000,0.7621000,0.1947000},
{0.2001000,0.7607000,0.1939000},
{0.1919000,0.7593000,0.1928000},
{0.1839000,0.7580000,0.1914000},
{0.1761000,0.7568000,0.1897000},
{0.1686000,0.7556000,0.1879000},
{0.1612000,0.7547000,0.1858000},
{0.1541000,0.7539000,0.1836000},
{0.1472000,0.7531000,0.1815000},
{0.1407000,0.7525000,0.1794000},
{0.1345000,0.7518000,0.1774000}
};
inPtsRW2 = {
{0.4694000,0.7933000,0.1774000},
{0.4608000,0.7936000,0.1793000},
{0.4519000,0.7936000,0.1812000},
{0.4429000,0.7936000,0.1830000},
{0.4337000,0.7934000,0.1848000},
{0.4245000,0.7930000,0.1865000},
{0.4151000,0.7925000,0.1881000},
{0.4058000,0.7918000,0.1896000},
{0.3963000,0.7910000,0.1909000},
{0.3869000,0.7900000,0.1922000},
{0.3775000,0.7888000,0.1934000},
{0.3679000,0.7876000,0.1946000},
{0.3583000,0.7862000,0.1957000},
{0.3485000,0.7848000,0.1969000},
{0.3388000,0.7833000,0.1980000},
{0.3290000,0.7819000,0.1990000},
{0.3193000,0.7805000,0.1999000},
{0.3097000,0.7791000,0.2007000},
{0.3002000,0.7775000,0.2012000},
{0.2909000,0.7759000,0.2016000},
{0.2818000,0.7741000,0.2017000},
{0.2729000,0.7723000,0.2016000},
{0.2643000,0.7705000,0.2013000},
{0.2559000,0.7686000,0.2007000},
{0.2478000,0.7667000,0.1998000},
{0.2398000,0.7648000,0.1987000},
{0.2321000,0.7630000,0.1973000},
{0.2245000,0.7614000,0.1958000},
{0.2172000,0.7598000,0.1942000},
{0.2100000,0.7584000,0.1925000},
{0.2032000,0.7570000,0.1907000},
{0.1967000,0.7557000,0.1890000},
{0.1904000,0.7544000,0.1874000}
};
inPtsRLA2 = {
{0.5308000,0.9141000,0.2074000},
{0.5234000,0.9137000,0.2090000},
{0.5157000,0.9130000,0.2105000},
{0.5078000,0.9123000,0.2121000},
{0.4998000,0.9114000,0.2136000},
{0.4917000,0.9104000,0.2152000},
{0.4834000,0.9094000,0.2167000},
{0.4750000,0.9081000,0.2182000},
{0.4665000,0.9066000,0.2197000},
{0.4580000,0.9049000,0.2212000},
{0.4495000,0.9030000,0.2226000},
{0.4409000,0.9010000,0.2241000},
{0.4324000,0.8988000,0.2255000},
{0.4239000,0.8965000,0.2269000},
{0.4155000,0.8940000,0.2282000},
{0.4072000,0.8915000,0.2294000},
{0.3990000,0.8889000,0.2306000},
{0.3909000,0.8862000,0.2316000},
{0.3827000,0.8837000,0.2327000},
{0.3748000,0.8811000,0.2336000},
{0.3671000,0.8782000,0.2342000},
{0.3595000,0.8753000,0.2347000},
{0.3522000,0.8722000,0.2352000},
{0.3450000,0.8690000,0.2356000},
{0.3381000,0.8659000,0.2360000},
{0.3312000,0.8626000,0.2362000},
{0.3245000,0.8594000,0.2363000},
{0.3180000,0.8563000,0.2362000},
{0.3116000,0.8532000,0.2359000},
{0.3055000,0.8503000,0.2354000},
{0.2997000,0.8475000,0.2348000},
{0.2942000,0.8449000,0.2341000},
{0.2890000,0.8422000,0.2333000}
};
inPtsREl2 = {
{0.6299000,1.0000000,0.2298000},
{0.6230000,0.9995000,0.2302000},
{0.6160000,0.9984000,0.2307000},
{0.6086000,0.9972000,0.2313000},
{0.6011000,0.9959000,0.2318000},
{0.5933000,0.9945000,0.2324000},
{0.5855000,0.9929000,0.2330000},
{0.5775000,0.9912000,0.2338000},
{0.5693000,0.9894000,0.2346000},
{0.5611000,0.9874000,0.2355000},
{0.5528000,0.9853000,0.2365000},
{0.5445000,0.9830000,0.2375000},
{0.5361000,0.9805000,0.2385000},
{0.5278000,0.9779000,0.2394000},
{0.5196000,0.9751000,0.2402000},
{0.5115000,0.9721000,0.2410000},
{0.5036000,0.9690000,0.2418000},
{0.4959000,0.9657000,0.2425000},
{0.4883000,0.9624000,0.2432000},
{0.4809000,0.9589000,0.2438000},
{0.4736000,0.9552000,0.2443000},
{0.4665000,0.9515000,0.2448000},
{0.4596000,0.9478000,0.2452000},
{0.4529000,0.9439000,0.2457000},
{0.4463000,0.9400000,0.2463000},
{0.4399000,0.9361000,0.2468000},
{0.4336000,0.9321000,0.2474000},
{0.4275000,0.9281000,0.2479000},
{0.4215000,0.9242000,0.2483000},
{0.4158000,0.9203000,0.2484000},
{0.4104000,0.9165000,0.2483000},
{0.4053000,0.9128000,0.2478000},
{0.4005000,0.9091000,0.2472000}
};
inPtsRUA2 = {
{0.6481000,0.9145000,0.3487000},
{0.6436000,0.9136000,0.3487000},
{0.6390000,0.9126000,0.3487000},
{0.6342000,0.9116000,0.3488000},
{0.6293000,0.9105000,0.3490000},
{0.6242000,0.9093000,0.3491000},
{0.6189000,0.9080000,0.3492000},
{0.6136000,0.9066000,0.3494000},
{0.6082000,0.9051000,0.3497000},
{0.6026000,0.9036000,0.3499000},
{0.5970000,0.9018000,0.3503000},
{0.5914000,0.9001000,0.3506000},
{0.5857000,0.8982000,0.3510000},
{0.5801000,0.8963000,0.3513000},
{0.5745000,0.8943000,0.3515000},
{0.5689000,0.8921000,0.3518000},
{0.5634000,0.8898000,0.3520000},
{0.5579000,0.8874000,0.3522000},
{0.5525000,0.8849000,0.3523000},
{0.5472000,0.8824000,0.3524000},
{0.5419000,0.8797000,0.3525000},
{0.5367000,0.8770000,0.3525000},
{0.5317000,0.8742000,0.3525000},
{0.5268000,0.8714000,0.3524000},
{0.5220000,0.8686000,0.3523000},
{0.5172000,0.8657000,0.3522000},
{0.5126000,0.8629000,0.3521000},
{0.5081000,0.8600000,0.3520000},
{0.5036000,0.8572000,0.3519000},
{0.4992000,0.8544000,0.3517000},
{0.4950000,0.8517000,0.3513000},
{0.4909000,0.8490000,0.3509000},
{0.4870000,0.8464000,0.3502000}
};
inPtsRSh2 = {
{0.6479000,0.8333000,0.4721000},
{0.6456000,0.8323000,0.4719000},
{0.6432000,0.8314000,0.4718000},
{0.6407000,0.8303000,0.4715000},
{0.6382000,0.8292000,0.4714000},
{0.6356000,0.8281000,0.4712000},
{0.6330000,0.8269000,0.4710000},
{0.6303000,0.8257000,0.4709000},
{0.6275000,0.8245000,0.4707000},
{0.6247000,0.8232000,0.4707000},
{0.6219000,0.8219000,0.4705000},
{0.6191000,0.8205000,0.4704000},
{0.6164000,0.8192000,0.4703000},
{0.6136000,0.8179000,0.4701000},
{0.6108000,0.8166000,0.4700000},
{0.6080000,0.8152000,0.4697000},
{0.6051000,0.8139000,0.4695000},
{0.6022000,0.8124000,0.4693000},
{0.5994000,0.8111000,0.4691000},
{0.5964000,0.8097000,0.4688000},
{0.5935000,0.8083000,0.4685000},
{0.5905000,0.8069000,0.4681000},
{0.5875000,0.8055000,0.4677000},
{0.5846000,0.8041000,0.4673000},
{0.5817000,0.8027000,0.4668000},
{0.5789000,0.8013000,0.4663000},
{0.5760000,0.7999000,0.4658000},
{0.5732000,0.7985000,0.4652000},
{0.5703000,0.7971000,0.4644000},
{0.5675000,0.7957000,0.4636000},
{0.5646000,0.7943000,0.4628000},
{0.5617000,0.7930000,0.4619000},
{0.5588000,0.7916000,0.4610000}
};
inPtsRCh2 = {
{0.6319000,0.6707000,0.3561000},
{0.6305000,0.6698000,0.3555000},
{0.6292000,0.6691000,0.3550000},
{0.6277000,0.6682000,0.3544000},
{0.6266000,0.6674000,0.3540000},
{0.6259000,0.6669000,0.3534000},
{0.6245000,0.6660000,0.3529000},
{0.6229000,0.6652000,0.3523000},
{0.6213000,0.6644000,0.3519000},
{0.6198000,0.6634000,0.3513000},
{0.6180000,0.6625000,0.3509000},
{0.6162000,0.6615000,0.3504000},
{0.6144000,0.6606000,0.3501000},
{0.6125000,0.6596000,0.3497000},
{0.6104000,0.6585000,0.3494000},
{0.6084000,0.6574000,0.3491000},
{0.6063000,0.6563000,0.3488000},
{0.6042000,0.6552000,0.3484000},
{0.6021000,0.6541000,0.3482000},
{0.5999000,0.6531000,0.3478000},
{0.5978000,0.6519000,0.3475000},
{0.5958000,0.6508000,0.3471000},
{0.5937000,0.6497000,0.3466000},
{0.5916000,0.6486000,0.3462000},
{0.5897000,0.6475000,0.3457000},
{0.5878000,0.6465000,0.3453000},
{0.5858000,0.6455000,0.3447000},
{0.5837000,0.6446000,0.3442000},
{0.5817000,0.6434000,0.3435000},
{0.5796000,0.6423000,0.3428000},
{0.5775000,0.6410000,0.3422000},
{0.5753000,0.6397000,0.3415000},
{0.5731000,0.6385000,0.3409000}
};
inPtsMCh2 = {
{0.6830000,0.6033000,0.2670000},
{0.6822000,0.6028000,0.2666000},
{0.6814000,0.6022000,0.2663000},
{0.6806000,0.6017000,0.2659000},
{0.6796000,0.6011000,0.2656000},
{0.6787000,0.6006000,0.2652000},
{0.6777000,0.6000000,0.2648000},
{0.6766000,0.5995000,0.2645000},
{0.6755000,0.5989000,0.2641000},
{0.6743000,0.5984000,0.2638000},
{0.6731000,0.5978000,0.2635000},
{0.6718000,0.5973000,0.2632000},
{0.6704000,0.5967000,0.2630000},
{0.6690000,0.5962000,0.2628000},
{0.6675000,0.5957000,0.2626000},
{0.6662000,0.5952000,0.2622000},
{0.6646000,0.5947000,0.2620000},
{0.6630000,0.5941000,0.2618000},
{0.6614000,0.5936000,0.2615000},
{0.6598000,0.5931000,0.2612000},
{0.6581000,0.5925000,0.2609000},
{0.6564000,0.5920000,0.2607000},
{0.6547000,0.5914000,0.2604000},
{0.6531000,0.5908000,0.2600000},
{0.6516000,0.5903000,0.2597000},
{0.6499000,0.5896000,0.2594000},
{0.6483000,0.5890000,0.2589000},
{0.6466000,0.5884000,0.2584000},
{0.6450000,0.5877000,0.2579000},
{0.6435000,0.5871000,0.2575000},
{0.6420000,0.5863000,0.2570000},
{0.6406000,0.5855000,0.2565000},
{0.6392000,0.5846000,0.2560000}
};
inPtsLCh2 = {
{0.6887000,0.5518000,0.3779000},
{0.6877000,0.5514000,0.3776000},
{0.6867000,0.5511000,0.3774000},
{0.6859000,0.5507000,0.3771000},
{0.6849000,0.5504000,0.3768000},
{0.6839000,0.5500000,0.3764000},
{0.6828000,0.5497000,0.3761000},
{0.6817000,0.5493000,0.3758000},
{0.6806000,0.5490000,0.3755000},
{0.6795000,0.5487000,0.3753000},
{0.6783000,0.5484000,0.3751000},
{0.6771000,0.5480000,0.3748000},
{0.6759000,0.5476000,0.3746000},
{0.6746000,0.5473000,0.3744000},
{0.6733000,0.5470000,0.3743000},
{0.6720000,0.5467000,0.3740000},
{0.6706000,0.5465000,0.3739000},
{0.6692000,0.5462000,0.3736000},
{0.6677000,0.5460000,0.3734000},
{0.6664000,0.5458000,0.3732000},
{0.6649000,0.5455000,0.3730000},
{0.6635000,0.5453000,0.3727000},
{0.6621000,0.5450000,0.3725000},
{0.6606000,0.5448000,0.3723000},
{0.6592000,0.5445000,0.3720000},
{0.6578000,0.5442000,0.3717000},
{0.6564000,0.5439000,0.3713000},
{0.6550000,0.5437000,0.3709000},
{0.6535000,0.5434000,0.3706000},
{0.6520000,0.5431000,0.3702000},
{0.6505000,0.5427000,0.3699000},
{0.6491000,0.5421000,0.3696000},
{0.6476000,0.5416000,0.3693000}
};
inPtsLSh2 = {
{0.7761000,0.4688000,0.5124000},
{0.7750000,0.4688000,0.5124000},
{0.7738000,0.4689000,0.5125000},
{0.7727000,0.4689000,0.5125000},
{0.7716000,0.4690000,0.5126000},
{0.7705000,0.4691000,0.5127000},
{0.7693000,0.4693000,0.5127000},
{0.7682000,0.4694000,0.5129000},
{0.7669000,0.4695000,0.5129000},
{0.7657000,0.4697000,0.5130000},
{0.7644000,0.4698000,0.5132000},
{0.7630000,0.4700000,0.5133000},
{0.7617000,0.4702000,0.5134000},
{0.7603000,0.4705000,0.5136000},
{0.7589000,0.4707000,0.5137000},
{0.7575000,0.4710000,0.5139000},
{0.7560000,0.4713000,0.5141000},
{0.7544000,0.4715000,0.5142000},
{0.7529000,0.4719000,0.5144000},
{0.7513000,0.4723000,0.5146000},
{0.7497000,0.4726000,0.5147000},
{0.7481000,0.4730000,0.5149000},
{0.7465000,0.4734000,0.5151000},
{0.7451000,0.4736000,0.5154000},
{0.7435000,0.4739000,0.5155000},
{0.7418000,0.4743000,0.5156000},
{0.7402000,0.4747000,0.5157000},
{0.7385000,0.4750000,0.5157000},
{0.7369000,0.4753000,0.5157000},
{0.7354000,0.4757000,0.5155000},
{0.7354000,0.4757000,0.5155000},
{0.7332000,0.4760000,0.5159000},
{0.7309000,0.4764000,0.5163000}
};
inPtsEeWam2 = {
{0.4356371,0.8553340,-0.1005082},
{0.4219186,0.8566084,-0.0982456},
{0.4078161,0.8572701,-0.0962988},
{0.3932890,0.8580056,-0.0941742},
{0.3786424,0.8582059,-0.0915835},
{0.3638155,0.8580687,-0.0888888},
{0.3489550,0.8579168,-0.0863345},
{0.3341295,0.8573198,-0.0837019},
{0.3191324,0.8566413,-0.0812785},
{0.3043252,0.8554358,-0.0786252},
{0.2894193,0.8540589,-0.0758998},
{0.2744776,0.8525551,-0.0729335},
{0.2593417,0.8503972,-0.0698835},
{0.2442750,0.8482301,-0.0664350},
{0.2294122,0.8454735,-0.0629438},
{0.2145193,0.8429555,-0.0594777},
{0.2000486,0.8403057,-0.0562956},
{0.1859322,0.8375499,-0.0530751},
{0.1721267,0.8345184,-0.0502932},
{0.1587978,0.8314788,-0.0477564},
{0.1456487,0.8279074,-0.0459563},
{0.1331143,0.8245705,-0.0442095},
{0.1212116,0.8211700,-0.0425468},
{0.1095830,0.8177029,-0.0416503},
{0.0982662,0.8142938,-0.0411434},
{0.0873019,0.8108306,-0.0406644},
{0.0766232,0.8074039,-0.0407190},
{0.0662245,0.8042705,-0.0408374},
{0.0560548,0.8010704,-0.0409313},
{0.0463693,0.7980161,-0.0411078},
{0.0374538,0.7950104,-0.0417913},
{0.0290367,0.7918989,-0.0423991},
{0.0211241,0.7889688,-0.0430152}
};
inPtsRPiWam2 = {
{0.3658105,0.8494132,-0.1089627},
{0.3525246,0.8503629,-0.1055368},
{0.3389046,0.8507083,-0.1025574},
{0.3248364,0.8510880,-0.0995677},
{0.3106608,0.8509439,-0.0963238},
{0.2963541,0.8505326,-0.0931820},
{0.2819452,0.8499942,-0.0900378},
{0.2676385,0.8491070,-0.0869936},
{0.2531423,0.8480814,-0.0840730},
{0.2388479,0.8465754,-0.0810717},
{0.2245011,0.8449787,-0.0781656},
{0.2100369,0.8431833,-0.0751163},
{0.1954570,0.8408502,-0.0721548},
{0.1809295,0.8385323,-0.0690374},
{0.1666963,0.8357467,-0.0660189},
{0.1523804,0.8331551,-0.0631131},
{0.1385127,0.8304485,-0.0604630},
{0.1249900,0.8276478,-0.0578692},
{0.1118248,0.8245951,-0.0556005},
{0.0990877,0.8215137,-0.0536544},
{0.0866717,0.8179636,-0.0520384},
{0.0747223,0.8145789,-0.0507527},
{0.0633203,0.8110996,-0.0497096},
{0.0521934,0.8075147,-0.0491215},
{0.0413781,0.8040025,-0.0489019},
{0.0309537,0.8004869,-0.0488169},
{0.0208160,0.7970183,-0.0492389},
{0.0108730,0.7937655,-0.0497184},
{0.0012913,0.7905946,-0.0503445},
{-0.0078457,0.7875279,-0.0510532},
{-0.0162261,0.7844998,-0.0520443},
{-0.0240695,0.7814218,-0.0530554},
{-0.0314535,0.7784965,-0.0540718}
};
inPtsRThWam2 = {
{0.3412784,0.8770029,-0.1071856},
{0.3271660,0.8788122,-0.1028533},
{0.3127212,0.8800446,-0.0989917},
{0.2978989,0.8811780,-0.0952007},
{0.2829956,0.8817617,-0.0912657},
{0.2679468,0.8821752,-0.0875424},
{0.2528585,0.8822442,-0.0837165},
{0.2378365,0.8821230,-0.0800819},
{0.2226448,0.8817720,-0.0765016},
{0.2076622,0.8809718,-0.0729319},
{0.1925999,0.8802096,-0.0695594},
{0.1774841,0.8790321,-0.0661497},
{0.1621956,0.8775407,-0.0629337},
{0.1469685,0.8760435,-0.0597713},
{0.1319836,0.8743291,-0.0568078},
{0.1169602,0.8726641,-0.0540813},
{0.1023814,0.8709305,-0.0516002},
{0.0881735,0.8690770,-0.0492938},
{0.0743097,0.8670677,-0.0472249},
{0.0609274,0.8649054,-0.0455975},
{0.0477839,0.8626063,-0.0438836},
{0.0352245,0.8601156,-0.0428530},
{0.0232899,0.8573248,-0.0422854},
{0.0116111,0.8544216,-0.0418801},
{0.0002600,0.8516023,-0.0418529},
{-0.0106894,0.8488713,-0.0420931},
{-0.0213338,0.8461981,-0.0428505},
{-0.0317505,0.8435094,-0.0437015},
{-0.0417909,0.8412348,-0.0448902},
{-0.0513602,0.8389410,-0.0462007},
{-0.0601790,0.8366922,-0.0475638},
{-0.0684237,0.8344837,-0.0490626},
{-0.0761795,0.8323106,-0.0505768}
};
inPtsRWWam2 = {
{0.3958142,0.9001202,-0.0976235},
{0.3820936,0.9012873,-0.0940313},
{0.3680267,0.9018508,-0.0908802},
{0.3535011,0.9024501,-0.0877239},
{0.3388569,0.9025252,-0.0843094},
{0.3240810,0.9023286,-0.0810004},
{0.3091890,0.9020074,-0.0776924},
{0.2944032,0.9013303,-0.0744885},
{0.2794139,0.9005185,-0.0714178},
{0.2646296,0.8992183,-0.0682642},
{0.2497912,0.8978232,-0.0652091},
{0.2348167,0.8962319,-0.0620090},
{0.2197244,0.8940988,-0.0589003},
{0.2046643,0.8919816,-0.0556274},
{0.1898991,0.8893914,-0.0524588},
{0.1750355,0.8869971,-0.0494098},
{0.1606183,0.8844838,-0.0466236},
{0.1465447,0.8818721,-0.0439008},
{0.1328329,0.8790048,-0.0415205},
{0.1195541,0.8761026,-0.0394707},
{0.1066073,0.8727264,-0.0377693},
{0.0941332,0.8695115,-0.0364132},
{0.0822197,0.8661960,-0.0353152},
{0.0705909,0.8627717,-0.0346926},
{0.0592880,0.8594164,-0.0344612},
{0.0483773,0.8560565,-0.0343795},
{0.0377666,0.8527413,-0.0348298},
{0.0273481,0.8496413,-0.0353495},
{0.0173061,0.8466168,-0.0360256},
{0.0077072,0.8436960,-0.0367964},
{-0.0011120,0.8408058,-0.0378600},
{-0.0093800,0.8378576,-0.0389408},
{-0.0171790,0.8350548,-0.0400222}
};
inPtsRLAWam2 = {
{0.5762248,1.1324621,-0.0387231},
{0.5643338,1.1326268,-0.0368425},
{0.5523659,1.1319097,-0.0352752},
{0.5397418,1.1312890,-0.0334365},
{0.5270141,1.1301347,-0.0314815},
{0.5138591,1.1288706,-0.0293961},
{0.5007527,1.1272971,-0.0272158},
{0.4874520,1.1255233,-0.0247928},
{0.4739156,1.1235771,-0.0222864},
{0.4604997,1.1211745,-0.0195777},
{0.4468806,1.1187478,-0.0167518},
{0.4333549,1.1159056,-0.0137797},
{0.4196284,1.1125542,-0.0107794},
{0.4061910,1.1090189,-0.0078590},
{0.3930912,1.1049458,-0.0050323},
{0.3801531,1.1007691,-0.0022047},
{0.3677473,1.0963331,0.0004665},
{0.3558342,1.0916112,0.0030826},
{0.3441151,1.0866926,0.0056558},
{0.3329163,1.0816041,0.0079181},
{0.3219465,1.0760525,0.0100589},
{0.3114012,1.0706190,0.0120681},
{0.3013269,1.0651089,0.0139362},
{0.2915134,1.0593591,0.0157719},
{0.2818409,1.0537157,0.0176733},
{0.2725677,1.0479796,0.0195113},
{0.2635101,1.0421867,0.0212980},
{0.2547638,1.0363910,0.0230168},
{0.2462095,1.0308152,0.0245895},
{0.2382954,1.0250966,0.0258366},
{0.2310452,1.0195175,0.0266779},
{0.2244079,1.0139270,0.0269591},
{0.2182928,1.0084365,0.0269993}
};
inPtsRElWam2 = {
{0.5857459,1.1148523,0.0015788},
{0.5744779,1.1147406,0.0031848},
{0.5630571,1.1137348,0.0044787},
{0.5509877,1.1127790,0.0060085},
{0.5387969,1.1113103,0.0076568},
{0.5261674,1.1097177,0.0094198},
{0.5135471,1.1077957,0.0112679},
{0.5006999,1.1056605,0.0133512},
{0.4875883,1.1033310,0.0155044},
{0.4745624,1.1005515,0.0178646},
{0.4613245,1.0977300,0.0203241},
{0.4481407,1.0944832,0.0229280},
{0.4347330,1.0907278,0.0255588},
{0.4215854,1.0868056,0.0281213},
{0.4087265,1.0823644,0.0306134},
{0.3959804,1.0777868,0.0330985},
{0.3836972,1.0729608,0.0354570},
{0.3718564,1.0678513,0.0377777},
{0.3601708,1.0625430,0.0400652},
{0.3489512,1.0570800,0.0420715},
{0.3379202,1.0511577,0.0439719},
{0.3272747,1.0453500,0.0457506},
{0.3170702,1.0394798,0.0474071},
{0.3070687,1.0333408,0.0490297},
{0.2971852,1.0272788,0.0506982},
{0.2876711,1.0211269,0.0523111},
{0.2783213,1.0148894,0.0538631},
{0.2692502,1.0086453,0.0553482},
{0.2603869,1.0026360,0.0566822},
{0.2521156,0.9965169,0.0577302},
{0.2444970,0.9905837,0.0584094},
{0.2374872,0.9847192,0.0585952},
{0.2309844,0.9789939,0.0585755}
};
inPtsRUAWam2 = {
{0.6143015,1.1444594,0.0198269},
{0.6034306,1.1442790,0.0209112},
{0.5924102,1.1432346,0.0216005},
{0.5806997,1.1422644,0.0225254},
{0.5688504,1.1408061,0.0235247},
{0.5564983,1.1392707,0.0246401},
{0.5441499,1.1374078,0.0258141},
{0.5315008,1.1353832,0.0272391},
{0.5185509,1.1331892,0.0287259},
{0.5056444,1.1305732,0.0304188},
{0.4924773,1.1279445,0.0322233},
{0.4793625,1.1248881,0.0341417},
{0.4659708,1.1213697,0.0360598},
{0.4528554,1.1176568,0.0378882},
{0.4400016,1.1134371,0.0396331},
{0.4272610,1.1090648,0.0413579},
{0.4149654,1.1044406,0.0429616},
{0.4031122,1.0995134,0.0445295},
{0.3913548,1.0944234,0.0460811},
{0.3800655,1.0891555,0.0473691},
{0.3689181,1.0834549,0.0485563},
{0.3581398,1.0778619,0.0496643},
{0.3477843,1.0722048,0.0506809},
{0.3375922,1.0662996,0.0516818},
{0.3274706,1.0604969,0.0527853},
{0.3177095,1.0545984,0.0538446},
{0.3080779,1.0486311,0.0548857},
{0.2987328,1.0426383,0.0558539},
{0.2895830,1.0368791,0.0567189},
{0.2810659,1.0309649,0.0572677},
{0.2732250,1.0252080,0.0574827},
{0.2660477,1.0194652,0.0571739},
{0.2594212,1.0138174,0.0566589}
};
inPtsRShWam2 = {
{0.6479000,0.8333000,0.4721000},
{0.6456000,0.8323000,0.4719000},
{0.6432000,0.8314000,0.4718000},
{0.6407000,0.8303000,0.4715000},
{0.6382000,0.8292000,0.4714000},
{0.6356000,0.8281000,0.4712000},
{0.6330000,0.8269000,0.4710000},
{0.6303000,0.8257000,0.4709000},
{0.6275000,0.8245000,0.4707000},
{0.6247000,0.8232000,0.4707000},
{0.6219000,0.8219000,0.4705000},
{0.6191000,0.8205000,0.4704000},
{0.6164000,0.8192000,0.4703000},
{0.6136000,0.8179000,0.4701000},
{0.6108000,0.8166000,0.4700000},
{0.6080000,0.8152000,0.4697000},
{0.6051000,0.8139000,0.4695000},
{0.6022000,0.8124000,0.4693000},
{0.5994000,0.8111000,0.4691000},
{0.5964000,0.8097000,0.4688000},
{0.5935000,0.8083000,0.4685000},
{0.5905000,0.8069000,0.4681000},
{0.5875000,0.8055000,0.4677000},
{0.5846000,0.8041000,0.4673000},
{0.5817000,0.8027000,0.4668000},
{0.5789000,0.8013000,0.4663000},
{0.5760000,0.7999000,0.4658000},
{0.5732000,0.7985000,0.4652000},
{0.5703000,0.7971000,0.4644000},
{0.5675000,0.7957000,0.4636000},
{0.5646000,0.7943000,0.4628000},
{0.5617000,0.7930000,0.4619000},
{0.5588000,0.7916000,0.4610000}
};
shoToUaVsWam2 = {
{-0.0335985,0.3111594,-0.4522731},
{-0.0421694,0.3119790,-0.4509888},
{-0.0507898,0.3118346,-0.4501995},
{-0.0600003,0.3119644,-0.4489746},
{-0.0693496,0.3116061,-0.4478753},
{-0.0791017,0.3111707,-0.4465599},
{-0.0888501,0.3105078,-0.4451859},
{-0.0987992,0.3096832,-0.4436609},
{-0.1089491,0.3086892,-0.4419741},
{-0.1190556,0.3073732,-0.4402812},
{-0.1294227,0.3060445,-0.4382767},
{-0.1397375,0.3043881,-0.4362583},
{-0.1504292,0.3021697,-0.4342402},
{-0.1607446,0.2997568,-0.4322118},
{-0.1707984,0.2968371,-0.4303669},
{-0.1807390,0.2938648,-0.4283421},
{-0.1901346,0.2905406,-0.4265384},
{-0.1990878,0.2871134,-0.4247705},
{-0.2080452,0.2833234,-0.4230189},
{-0.2163345,0.2794555,-0.4214309},
{-0.2245819,0.2751549,-0.4199437},
{-0.2323602,0.2709619,-0.4184357},
{-0.2397157,0.2667048,-0.4170191},
{-0.2470078,0.2621996,-0.4156182},
{-0.2542294,0.2577969,-0.4140147},
{-0.2611905,0.2532984,-0.4124554},
{-0.2679221,0.2487311,-0.4109143},
{-0.2744672,0.2441383,-0.4093461},
{-0.2807170,0.2397791,-0.4076811},
{-0.2864341,0.2352649,-0.4063323},
{-0.2913750,0.2309080,-0.4053173},
{-0.2956523,0.2264652,-0.4047261},
{-0.2993788,0.2222174,-0.4043411}
};
elOffsetVsWam2 = {
{-0.0285556,-0.0296072,-0.0182481},
{-0.0289527,-0.0295384,-0.0177265},
{-0.0293531,-0.0294998,-0.0171218},
{-0.0297119,-0.0294855,-0.0165169},
{-0.0300535,-0.0294957,-0.0158679},
{-0.0303309,-0.0295530,-0.0152203},
{-0.0306027,-0.0296122,-0.0145462},
{-0.0308008,-0.0297227,-0.0138879},
{-0.0309625,-0.0298582,-0.0132215},
{-0.0310820,-0.0300217,-0.0125542},
{-0.0311527,-0.0302145,-0.0118991},
{-0.0312217,-0.0304049,-0.0112136},
{-0.0312378,-0.0306419,-0.0105010},
{-0.0312700,-0.0308512,-0.0097669},
{-0.0312752,-0.0310727,-0.0090197},
{-0.0312806,-0.0312779,-0.0082594},
{-0.0312682,-0.0314798,-0.0075046},
{-0.0312558,-0.0316621,-0.0067518},
{-0.0311840,-0.0318805,-0.0060158},
{-0.0311143,-0.0320755,-0.0052976},
{-0.0309979,-0.0322973,-0.0045844},
{-0.0308652,-0.0325119,-0.0039137},
{-0.0307141,-0.0327250,-0.0032738},
{-0.0305235,-0.0329588,-0.0026520},
{-0.0302854,-0.0332181,-0.0020871},
{-0.0300385,-0.0334715,-0.0015335},
{-0.0297565,-0.0337417,-0.0010226},
{-0.0294825,-0.0339930,-0.0005057},
{-0.0291960,-0.0342431,-0.0000367},
{-0.0289503,-0.0344480,0.0004626},
{-0.0287280,-0.0346243,0.0009267},
{-0.0285605,-0.0347459,0.0014213},
{-0.0284367,-0.0348235,0.0019166}
};
wOffsetVsWam2 = {
{-0.0095211,0.0176098,-0.0403019},
{-0.0101441,0.0178862,-0.0400273},
{-0.0106912,0.0181750,-0.0397538},
{-0.0112459,0.0185101,-0.0394450},
{-0.0117828,0.0188244,-0.0391383},
{-0.0123084,0.0191528,-0.0388159},
{-0.0127945,0.0195015,-0.0384837},
{-0.0132480,0.0198628,-0.0381440},
{-0.0136727,0.0202462,-0.0377909},
{-0.0140627,0.0206230,-0.0374424},
{-0.0144439,0.0210178,-0.0370759},
{-0.0147858,0.0214224,-0.0367078},
{-0.0151046,0.0218264,-0.0363382},
{-0.0153945,0.0222133,-0.0359802},
{-0.0156353,0.0225814,-0.0356458},
{-0.0158273,0.0229822,-0.0353032},
{-0.0159499,0.0233723,-0.0349905},
{-0.0160222,0.0237599,-0.0346952},
{-0.0160557,0.0241496,-0.0344095},
{-0.0160349,0.0245240,-0.0341534},
{-0.0159737,0.0248948,-0.0339130},
{-0.0158735,0.0252689,-0.0336825},
{-0.0157433,0.0256291,-0.0334708},
{-0.0155553,0.0260183,-0.0332578},
{-0.0153443,0.0264369,-0.0330249},
{-0.0151034,0.0268526,-0.0327997},
{-0.0148112,0.0272973,-0.0325651},
{-0.0144864,0.0277457,-0.0323314},
{-0.0141774,0.0281792,-0.0320926},
{-0.0138202,0.0285797,-0.0318936},
{-0.0134518,0.0289338,-0.0317314},
{-0.0130793,0.0292077,-0.0316361},
{-0.0126917,0.0294426,-0.0315762}
};
laToWrVsWam2 = {
{-0.1804106,-0.2323419,-0.0589004},
{-0.1822402,-0.2313395,-0.0571888},
{-0.1843392,-0.2300590,-0.0556051},
{-0.1862407,-0.2288389,-0.0542874},
{-0.1881572,-0.2276095,-0.0528279},
{-0.1897781,-0.2265420,-0.0516044},
{-0.1915637,-0.2252897,-0.0504766},
{-0.1930488,-0.2241930,-0.0496957},
{-0.1945018,-0.2230587,-0.0491314},
{-0.1958701,-0.2219561,-0.0486864},
{-0.1970894,-0.2209245,-0.0484572},
{-0.1985382,-0.2196737,-0.0482293},
{-0.1999041,-0.2184554,-0.0481209},
{-0.2015266,-0.2170373,-0.0477684},
{-0.2031921,-0.2155544,-0.0474265},
{-0.2051176,-0.2137719,-0.0472052},
{-0.2071290,-0.2118492,-0.0470901},
{-0.2092895,-0.2097391,-0.0469834},
{-0.2112822,-0.2076878,-0.0471762},
{-0.2133622,-0.2055015,-0.0473889},
{-0.2153392,-0.2033260,-0.0478282},
{-0.2172679,-0.2011075,-0.0484813},
{-0.2191071,-0.1989129,-0.0492514},
{-0.2209225,-0.1965874,-0.0504645},
{-0.2225529,-0.1942993,-0.0521345},
{-0.2241903,-0.1919231,-0.0538908},
{-0.2257435,-0.1894453,-0.0561278},
{-0.2274157,-0.1867497,-0.0583663},
{-0.2289034,-0.1841983,-0.0606151},
{-0.2305882,-0.1814006,-0.0626331},
{-0.2321572,-0.1787117,-0.0645379},
{-0.2337879,-0.1760694,-0.0658999},
{-0.2354717,-0.1733816,-0.0670215}
};
elToWrVsWam2 = {
{-0.1899317,-0.2147320,-0.0992023},
{-0.1923843,-0.2134533,-0.0972161},
{-0.1950304,-0.2118840,-0.0953589},
{-0.1974867,-0.2103289,-0.0937324},
{-0.1999400,-0.2087851,-0.0919662},
{-0.2020864,-0.2073891,-0.0904202},
{-0.2043582,-0.2057882,-0.0889603},
{-0.2062968,-0.2043302,-0.0878397},
{-0.2081745,-0.2028125,-0.0869223},
{-0.2099328,-0.2013331,-0.0861288},
{-0.2115334,-0.1999068,-0.0855332},
{-0.2133240,-0.1982513,-0.0849370},
{-0.2150086,-0.1966290,-0.0844591},
{-0.2169211,-0.1948240,-0.0837487},
{-0.2188274,-0.1929730,-0.0830722},
{-0.2209449,-0.1907897,-0.0825083},
{-0.2230789,-0.1884770,-0.0820806},
{-0.2253117,-0.1859792,-0.0816785},
{-0.2273379,-0.1835382,-0.0815857},
{-0.2293971,-0.1809775,-0.0815423},
{-0.2313129,-0.1784312,-0.0817412},
{-0.2331414,-0.1758385,-0.0821638},
{-0.2348505,-0.1732838,-0.0827223},
{-0.2364778,-0.1705691,-0.0837223},
{-0.2378972,-0.1678624,-0.0851594},
{-0.2392937,-0.1650704,-0.0866906},
{-0.2405548,-0.1621480,-0.0886929},
{-0.2419022,-0.1590040,-0.0906977},
{-0.2430808,-0.1560192,-0.0927078},
{-0.2444084,-0.1528209,-0.0945267},
{-0.2456090,-0.1497779,-0.0962693},
{-0.2468671,-0.1468617,-0.0975360},
{-0.2481634,-0.1439390,-0.0985976}
};
wrToEeVsWam2 = {
{0.0398230,-0.0447863,-0.0028847},
{0.0398250,-0.0446789,-0.0042143},
{0.0397895,-0.0445807,-0.0054186},
{0.0397880,-0.0444444,-0.0064503},
{0.0397855,-0.0443193,-0.0072741},
{0.0397345,-0.0442599,-0.0078883},
{0.0397660,-0.0440906,-0.0086421},
{0.0397264,-0.0440105,-0.0092134},
{0.0397185,-0.0438772,-0.0098606},
{0.0396956,-0.0437825,-0.0103610},
{0.0396281,-0.0437644,-0.0106908},
{0.0396609,-0.0436768,-0.0109245},
{0.0396174,-0.0437016,-0.0109833},
{0.0396106,-0.0437515,-0.0108076},
{0.0395131,-0.0439179,-0.0104850},
{0.0394838,-0.0440417,-0.0100679},
{0.0394302,-0.0441781,-0.0096720},
{0.0393875,-0.0443222,-0.0091743},
{0.0392938,-0.0444864,-0.0087727},
{0.0392437,-0.0446237,-0.0082857},
{0.0390414,-0.0448190,-0.0081870},
{0.0389811,-0.0449410,-0.0077963},
{0.0389918,-0.0450260,-0.0072316},
{0.0389922,-0.0450689,-0.0069577},
{0.0389782,-0.0451226,-0.0066822},
{0.0389246,-0.0452258,-0.0062849},
{0.0388566,-0.0453374,-0.0058892},
{0.0388764,-0.0453708,-0.0054879},
{0.0387486,-0.0455464,-0.0049057},
{0.0386621,-0.0456799,-0.0043114},
{0.0385658,-0.0457954,-0.0039313},
{0.0384167,-0.0459587,-0.0034583},
{0.0383030,-0.0460860,-0.0029931}
};
shoToElVsWam2 = {
{-0.0621541,0.2815523,-0.4705212},
{-0.0711221,0.2824406,-0.4687152},
{-0.0801429,0.2823348,-0.4673213},
{-0.0897123,0.2824790,-0.4654915},
{-0.0994031,0.2821103,-0.4637432},
{-0.1094326,0.2816177,-0.4617802},
{-0.1194529,0.2808957,-0.4597321},
{-0.1296001,0.2799605,-0.4575488},
{-0.1399117,0.2788310,-0.4551956},
{-0.1501376,0.2773515,-0.4528354},
{-0.1605755,0.2758300,-0.4501759},
{-0.1709593,0.2739832,-0.4474720},
{-0.1816670,0.2715278,-0.4447412},
{-0.1920146,0.2689056,-0.4419787},
{-0.2020735,0.2657644,-0.4393866},
{-0.2120196,0.2625868,-0.4366015},
{-0.2214028,0.2590608,-0.4340430},
{-0.2303436,0.2554513,-0.4315223},
{-0.2392292,0.2514430,-0.4290348},
{-0.2474488,0.2473800,-0.4267285},
{-0.2555798,0.2428577,-0.4245281},
{-0.2632253,0.2384500,-0.4223494},
{-0.2704298,0.2339798,-0.4202929},
{-0.2775313,0.2292408,-0.4182703},
{-0.2845148,0.2245788,-0.4161018},
{-0.2912289,0.2198269,-0.4139889},
{-0.2976787,0.2149894,-0.4119369},
{-0.3039498,0.2101453,-0.4098518},
{-0.3099131,0.2055360,-0.4077178},
{-0.3153844,0.2008169,-0.4058698},
{-0.3201030,0.1962837,-0.4043906},
{-0.3242128,0.1917192,-0.4033048},
{-0.3278156,0.1873939,-0.4024245}
};
shoToLaVsWam2 = {
{-0.0716752,0.2991621,-0.5108231},
{-0.0812662,0.3003268,-0.5087425},
{-0.0908341,0.3005097,-0.5070752},
{-0.1009582,0.3009890,-0.5049365},
{-0.1111859,0.3009347,-0.5028815},
{-0.1217409,0.3007706,-0.5005961},
{-0.1322473,0.3003971,-0.4982158},
{-0.1428480,0.2998233,-0.4956928},
{-0.1535844,0.2990771,-0.4929864},
{-0.1642003,0.2979745,-0.4902777},
{-0.1750194,0.2968478,-0.4872518},
{-0.1857451,0.2954056,-0.4841797},
{-0.1967716,0.2933542,-0.4810794},
{-0.2074090,0.2911189,-0.4779590},
{-0.2177088,0.2883458,-0.4750323},
{-0.2278469,0.2855691,-0.4719047},
{-0.2373527,0.2824331,-0.4690335},
{-0.2463658,0.2792112,-0.4662174},
{-0.2552849,0.2755926,-0.4634442},
{-0.2634837,0.2719041,-0.4608819},
{-0.2715535,0.2677525,-0.4584411},
{-0.2790988,0.2637190,-0.4560319},
{-0.2861731,0.2596089,-0.4537638},
{-0.2930866,0.2552591,-0.4515281},
{-0.2998591,0.2510157,-0.4491267},
{-0.3063323,0.2466796,-0.4467887},
{-0.3124899,0.2422867,-0.4445020},
{-0.3184362,0.2378910,-0.4421832},
{-0.3240905,0.2337152,-0.4398105},
{-0.3292046,0.2293966,-0.4377634},
{-0.3335548,0.2252175,-0.4361221},
{-0.3372921,0.2209270,-0.4349409},
{-0.3405072,0.2168365,-0.4340007}
};
shoToWrVsWam2 = {
{-0.2520858,0.0668202,-0.5697235},
{-0.2635064,0.0689873,-0.5659313},
{-0.2751733,0.0704508,-0.5626802},
{-0.2871989,0.0721501,-0.5592239},
{-0.2993431,0.0733252,-0.5557094},
{-0.3115190,0.0742286,-0.5522004},
{-0.3238110,0.0751074,-0.5486924},
{-0.3358968,0.0756303,-0.5453885},
{-0.3480861,0.0760185,-0.5421178},
{-0.3600704,0.0760183,-0.5389642},
{-0.3721088,0.0759232,-0.5357091},
{-0.3842833,0.0757319,-0.5324090},
{-0.3966756,0.0748988,-0.5292003},
{-0.4089357,0.0740816,-0.5257274},
{-0.4209009,0.0727914,-0.5224588},
{-0.4329645,0.0717971,-0.5191098},
{-0.4444817,0.0705838,-0.5161236},
{-0.4556553,0.0694721,-0.5132008},
{-0.4665671,0.0679048,-0.5106205},
{-0.4768459,0.0664026,-0.5082707},
{-0.4868927,0.0644264,-0.5062693},
{-0.4963668,0.0626115,-0.5045132},
{-0.5052803,0.0606960,-0.5030152},
{-0.5140091,0.0586717,-0.5019926},
{-0.5224120,0.0567164,-0.5012612},
{-0.5305227,0.0547565,-0.5006795},
{-0.5382334,0.0528413,-0.5006298},
{-0.5458519,0.0511413,-0.5005495},
{-0.5529939,0.0495168,-0.5004256},
{-0.5597928,0.0479960,-0.5003964},
{-0.5657120,0.0465058,-0.5006600},
{-0.5710800,0.0448576,-0.5008408},
{-0.5759790,0.0434548,-0.5010222}
};
shoToThVsWam2 = {
{-0.3066216,0.0437029,-0.5792856},
{-0.3184340,0.0465122,-0.5747533},
{-0.3304788,0.0486446,-0.5707917},
{-0.3428011,0.0508780,-0.5667007},
{-0.3552044,0.0525617,-0.5626657},
{-0.3676532,0.0540752,-0.5587424},
{-0.3801415,0.0553442,-0.5547165},
{-0.3924635,0.0564230,-0.5509819},
{-0.4048552,0.0572720,-0.5472016},
{-0.4170378,0.0577718,-0.5436319},
{-0.4293001,0.0583096,-0.5400594},
{-0.4416159,0.0585321,-0.5365497},
{-0.4542044,0.0583407,-0.5332337},
{-0.4666315,0.0581435,-0.5298713},
{-0.4788164,0.0577291,-0.5268078},
{-0.4910398,0.0574641,-0.5237813},
{-0.5027186,0.0570305,-0.5211002},
{-0.5140265,0.0566770,-0.5185938},
{-0.5250903,0.0559677,-0.5163249},
{-0.5354726,0.0552054,-0.5143975},
{-0.5457161,0.0543063,-0.5123836},
{-0.5552755,0.0532156,-0.5109530},
{-0.5642101,0.0518248,-0.5099854},
{-0.5729889,0.0503216,-0.5091801},
{-0.5814400,0.0489023,-0.5086529},
{-0.5895894,0.0475713,-0.5083931},
{-0.5973338,0.0462981,-0.5086505},
{-0.6049505,0.0450094,-0.5089015},
{-0.6120909,0.0441348,-0.5092902},
{-0.6188602,0.0432410,-0.5098007},
{-0.6247790,0.0423922,-0.5103638},
{-0.6301237,0.0414837,-0.5109626},
{-0.6349795,0.0407106,-0.5115768}
};
shoToPiVsWam2 = {
{-0.2820895,0.0161132,-0.5810627},
{-0.2930754,0.0180629,-0.5774368},
{-0.3042954,0.0193083,-0.5743574},
{-0.3158636,0.0207880,-0.5710677},
{-0.3275392,0.0217439,-0.5677238},
{-0.3392459,0.0224326,-0.5643820},
{-0.3510548,0.0230942,-0.5610378},
{-0.3626615,0.0234070,-0.5578936},
{-0.3743577,0.0235814,-0.5547730},
{-0.3858521,0.0233754,-0.5517717},
{-0.3973989,0.0230787,-0.5486656},
{-0.4090631,0.0226833,-0.5455163},
{-0.4209430,0.0216502,-0.5424548},
{-0.4326705,0.0206323,-0.5391374},
{-0.4441037,0.0191467,-0.5360189},
{-0.4556196,0.0179551,-0.5328131},
{-0.4665873,0.0165485,-0.5299630},
{-0.4772100,0.0152478,-0.5271692},
{-0.4875752,0.0134951,-0.5247005},
{-0.4973123,0.0118137,-0.5224544},
{-0.5068283,0.0096636,-0.5205384},
{-0.5157777,0.0076789,-0.5188527},
{-0.5241797,0.0055996,-0.5174096},
{-0.5324066,0.0034147,-0.5164215},
{-0.5403219,0.0013025,-0.5157019},
{-0.5479463,-0.0008131,-0.5151169},
{-0.5551840,-0.0028817,-0.5150389},
{-0.5623270,-0.0047345,-0.5149184},
{-0.5690087,-0.0065054,-0.5147445},
{-0.5753457,-0.0081721,-0.5146532},
{-0.5808261,-0.0098002,-0.5148443},
{-0.5857695,-0.0115782,-0.5149554},
{-0.5902535,-0.0131035,-0.5150718}
};
shoToEeVsWam2 = {
{-0.2122629,0.0220340,-0.5726082},
{-0.2236814,0.0243084,-0.5701456},
{-0.2353839,0.0258701,-0.5680988},
{-0.2474110,0.0277056,-0.5656742},
{-0.2595576,0.0290059,-0.5629835},
{-0.2717845,0.0299687,-0.5600888},
{-0.2840450,0.0310168,-0.5573345},
{-0.2961705,0.0316198,-0.5546019},
{-0.3083676,0.0321413,-0.5519785},
{-0.3203748,0.0322358,-0.5493252},
{-0.3324807,0.0321589,-0.5463998},
{-0.3446224,0.0320551,-0.5433335},
{-0.3570583,0.0311972,-0.5401835},
{-0.3693250,0.0303301,-0.5365350},
{-0.3813878,0.0288735,-0.5329438},
{-0.3934807,0.0277555,-0.5291777},
{-0.4050514,0.0264057,-0.5257956},
{-0.4162678,0.0251499,-0.5223751},
{-0.4272733,0.0234184,-0.5193932},
{-0.4376022,0.0217788,-0.5165564},
{-0.4478513,0.0196074,-0.5144563},
{-0.4573857,0.0176705,-0.5123095},
{-0.4662884,0.0156700,-0.5102468},
{-0.4750170,0.0136029,-0.5089503},
{-0.4834338,0.0115938,-0.5079434},
{-0.4915981,0.0095306,-0.5069644},
{-0.4993768,0.0075039,-0.5065190},
{-0.5069755,0.0057705,-0.5060374},
{-0.5142452,0.0039704,-0.5053313},
{-0.5211307,0.0023161,-0.5047078},
{-0.5271462,0.0007104,-0.5045913},
{-0.5326633,-0.0011011,-0.5042991},
{-0.5376759,-0.0026312,-0.5040152}
};
rMatsCh2 = {
{-0.2202054,0.0762464,0.9724691},
{0.4246579,-0.8900164,0.1659410},
{0.8781659,0.4495077,0.1636078},
{-0.2241997,0.0751279,0.9716431},
{0.4285745,-0.8878371,0.1675385},
{0.8752476,0.4539836,0.1668549},
{-0.2274516,0.0759428,0.9708236},
{0.4313063,-0.8859763,0.1703552},
{0.8730639,0.4574699,0.1687621},
{-0.2309296,0.0747326,0.9700962},
{0.4370029,-0.8828538,0.1720395},
{0.8693100,0.4636639,0.1712187},
{-0.2315036,0.0752736,0.9699175},
{0.4390261,-0.8816204,0.1732095},
{0.8681372,0.4659177,0.1710512},
{-0.2314673,0.0762664,0.9698486},
{0.4376468,-0.8821852,0.1738230},
{0.8688430,0.4646855,0.1708193},
{-0.2337944,0.0762792,0.9692893},
{0.4411508,-0.8800727,0.1756646},
{0.8664446,0.4686721,0.1721055},
{-0.2365791,0.0756480,0.9686628},
{0.4453708,-0.8776135,0.1773116},
{0.8635248,0.4733624,0.1739337},
{-0.2385823,0.0757177,0.9681659},
{0.4496065,-0.8750601,0.1792313},
{0.8607743,0.4780551,0.1747307},
{-0.2401826,0.0751511,0.9678144},
{0.4544327,-0.8722997,0.1805110},
{0.8577897,0.4831621,0.1753601},
{-0.2428511,0.0749381,0.9671647},
{0.4596332,-0.8691024,0.1827520},
{0.8542603,0.4889225,0.1766185},
{-0.2451240,0.0733632,0.9667120},
{0.4651657,-0.8659604,0.1836668},
{0.8506087,0.4947024,0.1781416},
{-0.2461358,0.0728349,0.9664948},
{0.4701823,-0.8630099,0.1847769},
{0.8475528,0.4999090,0.1781719},
{-0.2483485,0.0716310,0.9660186},
{0.4759503,-0.8595577,0.1860963},
{0.8436790,0.5059936,0.1793771},
{-0.2503720,0.0699280,0.9656210},
{0.4832587,-0.8552216,0.1872353},
{0.8389129,0.5135233,0.1803302},
{-0.2532603,0.0676775,0.9650280},
{0.4897891,-0.8512770,0.1882396},
{0.8342457,0.5203338,0.1824469},
{-0.2548114,0.0664586,0.9647043},
{0.4968328,-0.8468880,0.1895727},
{0.8295953,0.5276020,0.1827779},
{-0.2565004,0.0654518,0.9643255},
{0.5033517,-0.8426890,0.1910822},
{0.8251331,0.5344075,0.1832048},
{-0.2580595,0.0638217,0.9640187},
{0.5097218,-0.8386485,0.1919698},
{0.8207247,0.5409210,0.1838899},
{-0.2594655,0.0628563,0.9637047},
{0.5174095,-0.8335337,0.1936722},
{0.8154539,0.5488812,0.1837508},
{-0.2603925,0.0615307,0.9635402},
{0.5239137,-0.8292577,0.1945409},
{0.8109933,0.5554689,0.1836957},
{-0.2609210,0.0603587,0.9634714},
{0.5304469,-0.8249074,0.1953302},
{0.8065645,0.5620361,0.1832186},
{-0.2617699,0.0597770,0.9632773},
{0.5371814,-0.8201686,0.1968748},
{0.8018184,0.5689906,0.1825844},
{-0.2633871,0.0592430,0.9628694},
{0.5435185,-0.8155032,0.1988521},
{0.7970037,0.5757124,0.1825934},
{-0.2652476,0.0576477,0.9624554},
{0.5491897,-0.8114238,0.1999551},
{0.7924862,0.5816082,0.1835687},
{-0.2648962,0.0581110,0.9625243},
{0.5542694,-0.8076285,0.2012998},
{0.7890599,0.5868213,0.1817285},
{-0.2658873,0.0576926,0.9622762},
{0.5599299,-0.8033178,0.2028770},
{0.7847181,0.5927496,0.1812882},
{-0.2660743,0.0579171,0.9622110},
{0.5659325,-0.7986694,0.2045671},
{0.7803364,0.5989765,0.1797282},
{-0.2677530,0.0578182,0.9617512},
{0.5718617,-0.7938225,0.2069299},
{0.7754241,0.6053948,0.1794843},
{-0.2708902,0.0569033,0.9609269},
{0.5777091,-0.7888795,0.2095742},
{0.7699810,0.6119078,0.1808261},
{-0.2735134,0.0563657,0.9602153},
{0.5839070,-0.7835643,0.2123196},
{0.7643579,0.6187487,0.1814030},
{-0.2772161,0.0549359,0.9592358},
{0.5903607,-0.7779321,0.2151649},
{0.7580406,0.6259423,0.1832233},
{-0.2808236,0.0549275,0.9581864},
{0.5958832,-0.7726525,0.2189323},
{0.7523705,0.6324485,0.1842487},
{0.0000000,0.0000000,0.0000000},
{0.0000000,0.0000000,0.0000000},
{0.0000000,0.0000000,0.0000000}
};
xyzEulersCh2 = {
{1.9198629,2.0695783,1.0924209},
{1.9230064,2.0756452,1.0888173},
{1.9242112,2.0801416,1.0855048},
{1.9245368,2.0877880,1.0846569},
{1.9226474,2.0901559,1.0855387},
{1.9230653,2.0887321,1.0843043},
{1.9227282,2.0935562,1.0834652},
{1.9229252,2.0993748,1.0825046},
{1.9212152,2.1048036,1.0829328},
{1.9189544,2.1106386,1.0845839},
{1.9174494,2.1174664,1.0847201},
{1.9164391,2.1244508,1.0858136},
{1.9131691,2.1302356,1.0885337},
{1.9114786,2.1374929,1.0898650},
{1.9085066,2.1463099,1.0927809},
{1.9080362,2.1548293,1.0935781},
{1.9042884,2.1632102,1.0969047},
{1.9010591,2.1711548,1.0995103},
{1.8984962,2.1789144,1.1021413},
{1.8938423,2.1880797,1.1059732},
{1.8901784,2.1957447,1.1095404},
{1.8859240,2.2032754,1.1136585},
{1.8813079,2.2112607,1.1173582},
{1.8779217,2.2192748,1.1195473},
{1.8765234,2.2267179,1.1208573},
{1.8711127,2.2323156,1.1249686},
{1.8676048,2.2393515,1.1274637},
{1.8623071,2.2463891,1.1313109},
{1.8590159,2.2542062,1.1329003},
